0
-11.392000000000003
-7.266
-11.828
-11.748000000000001
-7.556000000000001
-8.255
-10.561
-6.351
-8.68
-17.002
-8.839000000000002
-7.0569999999999995
-12.926000000000002
-11.394999999999998
-8.806
-10.844
-9.047
-9.551
-8.651
-6.516000000000001
-6.946
-8.780999999999999
-11.145000000000001
-6.273
-7.064
-10.225000000000001
-11.802000000000001
-9.485000000000001
-6.396999999999999
-10.796000000000003
-7.576999999999999
-8.375
-10.599
-12.963000000000001
-6.5969999999999995
-13.833
-13.873000000000001
-6.112
-12.229000000000003
-8.172
-5.738
-10.622
-10.835
-11.279
-8.001000000000001
-11.643
-12.728000000000002
-14.548000000000002
-8.282
-11.176000000000002
-13.526
-9.077
-6.9830000000000005
-11.434999999999999
-10.667
-12.134000000000002
-10.681
-8.106000000000002
-11.91
-11.703000000000001
-11.759
-13.081999999999999
-17.869
-8.35
-9.119
-13.671
-7.894
-9.399000000000001
-16.798000000000002
-12.023
-5.605
-9.323
-8.61
-9.849
-6.747
-6.478000000000001
-10.312999999999999
-8.535999999999998
-6.5760000000000005
-7.850999999999999
-8.829
-10.512
-6.338
-10.838
-8.143999999999998
-12.997000000000002
-9.151
-9.481
-10.715
-6.958
-7.410000000000001
-9.89
-16.297
-7.066
-9.93
-9.295
-6.109999999999999
-11.399000000000001
-8.282999999999998
-11.399999999999999
-5.114
-11.014
-15.196999999999997
-11.607000000000003
-13.718000000000002
-8.725
-9.607
-12.692
-8.713999999999999
-9.454
-10.607
-5.691000000000001
-10.077
-6.640000000000001
-8.546
-9.831
-14.968
-7.213000000000001
-8.181999999999999
-10.915000000000001
-9.121000000000002
-10.180000000000001
-9.99
-8.7
-13.334000000000003
-13.682
-9.649000000000001
-11.155000000000001
-9.286
-9.778
-9.749
-8.094000000000001
-6.852
-10.821000000000002
-8.835
-11.679
-11.73
-9.901
-11.468000000000002
-9.504000000000001
-11.911999999999999
-7.958
-3.9579999999999997
-11.700000000000001
-11.578
-14.029999999999998
-12.908999999999999
-8.873000000000001
-10.065000000000001
-10.398000000000001
-14.454000000000002
-8.825
-9.813
-6.207
-8.091999999999999
-12.245
-8.562000000000001
-6.327999999999999
-8.362
-9.355
-9.981
-6.542
-8.838000000000001
-9.155999999999999
-9.657
-6.925
-10.309999999999999
-9.205
-11.760000000000002
-10.718
-7.7379999999999995
-9.698
-10.529
-10.921
-12.218
-11.401
-4.351000000000001
-12.605999999999998
-10.145999999999999
-13.995999999999999
-11.742999999999999
-8.132000000000001
-11.76
-9.547
-6.582000000000001
-16.57
-12.488
-6.220000000000001
-10.445999999999998
-12.731
-11.77
-11.528
-11.853000000000002
-9.755999999999998
-9.589000000000002
-7.509
-12.792000000000002
-7.493
-12.608
-13.512
-5.945
-12.397
-13.343
-13.942
-13.275999999999998
-10.856000000000002
-11.783000000000001
-9.138
-11.642000000000001
-14.458000000000002
-11.944999999999999
-10.472
-10.656
-6.852
-8.970999999999998
-8.434000000000001
-12.366999999999999
-6.95
-11.914000000000001
-12.124999999999998
-10.572
-14.431000000000003
-12.809
-7.900000000000001
-9.868
-11.658
-14.401000000000002
-6.338
-9.809
-12.715
-7.113000000000001
-12.858
-6.375000000000001
-5.404
-10.555000000000001
-8.223
-8.814999999999998
-4.995
-12.379999999999999
-5.382000000000001
-12.769
-11.301000000000002
-12.024999999999999
-8.866
-15.055999999999997
-8.037
-9.247
-10.174
-13.363
-15.008000000000001
-8.727
-11.589000000000002
-5.618
-13.006
-9.732
-15.826000000000002
-8.43
-11.399000000000001
-9.408
-5.958
-15.159999999999998
-8.221
-7.371999999999999
-11.595
-4.986
-8.154999999999998
-9.683
-15.202
-11.625
-7.681000000000001
-9.895000000000001
-7.2860000000000005
-15.16
-8.062000000000001
-13.339999999999998
-8.113000000000001
-14.128000000000002
-12.095999999999998
-7.414999999999999
-8.139999999999999
-16.006
-8.428
-8.132000000000001
-9.575
-6.135000000000001
-6.661
-11.014000000000001
-13.083
-12.812000000000001
-10.932000000000002
-8.530999999999999
-6.886
-12.858
-11.457
-12.453000000000001
-9.959
-12.437000000000001
-10.895999999999999
-13.578999999999999
-8.79
-10.619
-11.249000000000002
-9.258
-12.979999999999999
-14.402
-12.213000000000001
-7.3180000000000005
-10.729
-11.395000000000001
-11.267000000000001
-6.910999999999999
-7.462000000000001
-13.577
-9.588
-8.404
-7.328
-6.777
-8.162
-11.588999999999999
-11.728999999999997
-16.743000000000002
-12.61
-13.559
-8.931999999999999
-6.878
-8.481000000000002
-7.234
-7.343000000000001
-13.202
-15.153000000000002
-14.078999999999999
-9.659
-12.669
-15.741
-9.090000000000002
-7.2219999999999995
-7.925000000000001
-13.189
-6.953
-8.176
-6.394
-13.126
-13.654
-9.561
-12.688
-13.802999999999997
-8.068
-9.25
-6.028
-9.349
-8.471
-12.72
-13.73
-8.31
-7.147000000000001
-7.279
-12.721000000000002
-12.815
-11.695000000000002
-12.724
-12.076
-14.618
-11.753
-8.488
-13.225
-14.886999999999999
-13.344
-5.978
-6.8580000000000005
-8.253999999999998
-10.351
-14.270999999999999
-8.826
-10.428
-11.053
-14.063999999999998
-7.045
-7.819
-7.655999999999999
-14.843000000000004
-5.754
-5.603
-14.538000000000002
-6.069
-12.241999999999997
-8.838000000000001
-6.197
-9.422999999999998
-10.541
-6.063000000000001
-7.549
-8.681000000000001
-9.728
-13.506
-7.376
-11.133000000000001
-15.527000000000001
-10.609000000000002
-8.578
-15.347000000000001
-8.988
-11.378
-12.454
-8.585
-8.861
-7.135000000000001
-7.361000000000001
-12.059999999999999
-7.936
-8.291
-9.731
-7.49
-13.948999999999998
-11.457999999999998
-11.488999999999999
-12.717
-14.033
-10.399
-12.664000000000001
-11.269
-14.440999999999999
-10.658000000000001
-9.264
-17.29
-8.433
-7.768
-14.023000000000001
-10.865
-10.759
-13.107
-9.911
-15.393999999999998
-11.394
-9.065
-9.608999999999998
-9.066999999999998
-7.473000000000001
-9.908
-5.917
-14.179000000000002
-12.175999999999998
-7.865999999999999
-11.200999999999999
-9.046
-5.635000000000001
-11.890999999999998
-14.242999999999999
-12.750999999999998
-9.416
-8.129999999999999
-10.346
-12.042000000000002
-12.709999999999999
-15.199000000000003
-10.090000000000002
-7.9270000000000005
-6.977
-12.344
-11.419
-9.187
-13.917000000000002
-10.671000000000001
-8.882000000000001
-5.808999999999999
-13.644000000000002
-10.099
-5.840000000000001
-11.125
-12.06
-13.403
-10.069
-10.698000000000002
-15.804
-12.595999999999998
-7.326
-10.985000000000001
-8.647
-10.505999999999998
-12.68
-10.76
-8.530000000000001
-7.953999999999999
-11.767000000000001
-11.964000000000002
-8.741
-9.017
-10.641
-11.23
-12.486999999999998
-8.559
-8.542000000000002
-10.545
-11.974
-13.425999999999998
-8.212000000000002
-11.895
-9.215
-13.941
-8.427
-11.205
-14.271
-16.621999999999996
-10.014000000000001
-8.271999999999998
-13.797999999999998
-5.556
-9.582
-9.099999999999998
-9.850000000000001
-14.894000000000002
-8.345
-11.04
-12.226999999999999
-7.1160000000000005
-13.142000000000001
-7.224
-6.444999999999999
-8.634
-9.732
-6.734
-10.074000000000002
-14.812999999999999
-10.443999999999999
-8.117
-4.04
-6.193
-8.589
-12.814
-10.524
-7.559
-9.542
-9.326
-7.792
-11.849000000000002
-10.311000000000002
-14.337000000000002
-11.588
-10.993000000000002
-7.73
-10.057
-5.8999999999999995
-14.056
-11.812999999999999
-12.131
-8.088999999999999
-4.866
-16.386000000000003
-10.244
-17.077
-6.053
-6.656000000000001
-12.984000000000002
-6.884
-11.563000000000002
-4.7540000000000004
-10.635000000000002
-8.994
-12.868000000000002
-6.2829999999999995
-7.054
-6.085
-8.317
-11.108000000000002
-13.513000000000002
-14.815000000000001
-10.338999999999999
-13.656000000000002
-5.211
-12.255999999999998
-9.848
-10.323
-12.648
-8.89
-12.086
-8.414
-11.229999999999999
-9.517
-11.186
-9.433
-14.298
-12.125
-8.22
-11.078000000000001
-6.481999999999999
-9.572
-11.440999999999999
-13.697000000000001
-13.629999999999999
-6.994
-10.859
-10.836000000000002
-7.184
-6.738
-10.282
-9.789000000000001
-13.116000000000003
-7.234
-8.285
-8.841000000000001
-12.469000000000001
-5.776
-11.306000000000001
-10.799000000000001
-7.6739999999999995
-8.921
-17.38
-6.969999999999999
-8.269000000000002
-11.575000000000001
-7.545999999999999
-15.402000000000001
-10.813999999999998
-14.706
-12.608000000000002
-12.58
-13.393
-7.882
-8.334
-14.627
-7.996
-8.832
-12.415
-7.6129999999999995
-9.754000000000001
-11.420000000000002
-16.198
-6.166
-14.240000000000002
-9.826
-13.116000000000001
-14.533000000000001
-9.668
-8.905999999999999
-13.513
-10.521
-12.564
-8.263
-11.515000000000002
-15.288
-9.342
-4.792
-10.783999999999999
-9.047
-10.178999999999998
-9.874999999999998
-10.478
-10.039
-8.888000000000002
-5.7330000000000005
-11.403
-6.550999999999999
-9.327
-13.264
-6.95
-8.389
-8.778
-9.733
-6.438000000000001
-10.029
-8.172999999999998
-10.253999999999998
-11.428
-6.555000000000001
-9.925000000000002
-10.923
-8.29
-10.741
-14.748000000000001
-8.931999999999999
-14.344000000000001
-10.722999999999999
-5.9959999999999996
-9.351
-10.81
-8.219000000000001
-10.903
-7.5329999999999995
-6.467
-13.767000000000001
-11.722
-11.165999999999999
-12.395000000000001
-9.217000000000002
-9.966000000000001
-12.890999999999998
-8.804
-12.073
-9.99
-8.508
-12.257
-12.894
-13.793
-17.419999999999998
-11.084
-12.931999999999999
-9.01
-9.779000000000002
-13.567000000000002
-11.964999999999998
-14.530000000000001
-9.173
-9.834000000000001
-10.617
-16.625
-7.282
-10.277000000000001
-12.059000000000001
-15.023000000000001
-10.200999999999999
-9.289000000000001
-10.67
-12.581999999999999
-9.483
-11.338999999999999
-12.294
-9.596
-11.869
-6.000000000000001
-11.091000000000001
-11.124
-12.396
-11.128
-16.788000000000004
-11.689
-11.909
-10.369
-10.885000000000002
-12.961000000000002
-13.213
-11.326999999999998
-4.337
-14.985999999999999
-13.453
-10.962
-13.184000000000001
-13.841999999999999
-16.957
-9.794
-12.965000000000002
-8.917000000000002
-12.867
-5.995
-13.409
-9.830000000000002
-12.753000000000002
-8.828
-12.569999999999999
-10.823
-9.443
-5.663
-11.877
-12.960999999999999
-11.289
-8.162
-4.9079999999999995
-11.091999999999999
-10.786999999999999
-9.392
-11.499999999999998
-8.136
-10.807
-7.792
-11.193
-14.822
-9.95
-8.596
-12.459000000000001
-8.684000000000001
-6.0760000000000005
-12.163
-14.230000000000002
-9.456
-10.358
-9.693999999999999
-14.900000000000002
-11.483
-8.777
-13.366000000000001
-5.094
-12.417000000000002
-7.8629999999999995
-13.704000000000002
-8.411000000000001
-7.201
-12.342000000000002
-6.317
-12.348999999999998
-13.230999999999998
-12.243000000000002
-12.76
-9.551
-14.025
-9.700000000000001
-9.604
-8.75
-10.17
-15.644000000000002
-11.534
-10.288999999999998
-13.603
-14.216999999999997
-9.530999999999999
-8.651
-10.473
-7.095999999999999
-14.722
-11.76
-9.34
-10.629
-6.489000000000001
-9.647
-10.741
-13.443999999999999
-15.114
-11.531
-9.191
-13.413
-11.874
-11.059999999999999
-5.862
-9.697
-10.087000000000002
-11.463999999999999
-13.683999999999997
-9.886000000000001
-9.776
-6.799999999999999
-16.125
-12.75
-13.272
-13.595
-9.387999999999998
-11.524
-6.387
-8.502
-8.172
-13.137
-15.005000000000003
-9.43
-7.832000000000001
-9.245
-9.902
-13.212
-6.249
-11.028
-10.726999999999999
-11.763000000000002
-11.039000000000001
-7.8149999999999995
-4.599
-8.233
-11.885
-8.768
-9.41
-10.349
-10.394000000000002
-11.848000000000003
-12.583
-13.846000000000002
-7.297999999999998
-5.914000000000001
-10.833
-4.853999999999999
-10.032
-13.965
-14.623
-9.87
-5.5760000000000005
-6.746
-11.193
-11.791
-10.252
-11.521
-12.310999999999998
-10.365999999999998
-9.348
-8.856000000000002
-8.89
-10.468000000000002
-8.454
-14.331999999999997
-14.784000000000002
-7.9590000000000005
-15.145999999999999
-14.322000000000001
-7.745
-13.517000000000003
-10.929
-12.16
-9.182000000000002
-9.81
-12.872
-10.541
-13.916
-8.926
-13.262
-13.775
-6.851
-11.594000000000001
-6.206
-10.075999999999999
-11.66
-13.264
-8.099
-5.776000000000001
-15.439999999999998
-13.376999999999995
-6.782000000000001
-11.850000000000003
-6.845
-8.043
-7.095000000000001
-11.417
-6.3500000000000005
-9.476
-5.382
-12.847999999999999
-9.954
-11.867
-8.826
-5.485
-12.971
-9.598
-10.492000000000003
-9.253000000000002
-13.9
-9.145999999999999
-9.877999999999998
-12.425
-12.541999999999998
-11.971
-11.120999999999999
-7.998
-9.149
-12.583
-10.884
-9.421
-11.797
-8.706
-12.108000000000002
-10.247
-13.273
-13.953
-12.162
-14.003000000000002
-9.13
-9.468
-10.302
-14.522000000000002
-11.22
-9.424
-14.021
-16.148
-10.108
-12.769
-10.315
-8.897
-12.988000000000001
-10.933
-7.702000000000001
-10.219
-12.767999999999999
-12.224000000000002
-13.892
-12.601
-12.519000000000002
-10.999000000000002
-10.067000000000002
-11.474000000000002
-16.603
-7.497000000000001
-8.203
-11.281
-14.327000000000002
-14.606
-10.253
-10.457
-9.805999999999997
-14.255000000000003
-13.491999999999999
-13.173
-8.485
-14.238000000000001
-9.973
-6.339000000000001
-11.896
-15.398
-6.43
-13.663
-14.124
-12.42
-11.427
-11.132
-11.088
-11.034
-12.472999999999999
-9.311
-17.037
-8.889000000000001
-12.688
-10.124
-10.304
-11.026000000000002
-11.915000000000001
-6.921999999999999
-13.106
-10.379
-11.097
-13.67
-13.416
-16.082
-14.277999999999999
-10.065999999999999
-9.966000000000001
-13.358000000000004
-14.249
-11.039
-8.646
-10.122
-12.929999999999998
-15.042000000000002
-9.962
-13.419
-15.278999999999998
-11.891000000000004
-12.875
-8.46
-11.581000000000001
-9.051
-16.168
-11.265000000000002
-11.137
-12.163000000000002
-12.588000000000003
-8.132
-11.671000000000001
-13.904999999999998
-11.405999999999999
-13.276
-15.621
-10.554000000000002
-7.285
-10.494999999999997
-8.616
-9.175
-12.897
-12.058
-10.139000000000001
-8.507
-12.215000000000002
-12.566000000000003
-8.927000000000001
-12.635000000000003
-7.074000000000001
-13.805
-9.606000000000002
-14.313
-12.975000000000001
-12.665
-10.602000000000002
-10.985
-18.069999999999997
-12.765
-10.101
-10.572000000000001
-12.782999999999998
-15.002999999999998
-14.339
-11.700000000000001
-15.029000000000002
-8.590000000000002
-9.567
-4.702
-12.158000000000001
-12.575000000000003
-13.564
-10.754000000000001
-14.03
-6.766
-9.383000000000001
-11.643
-13.359999999999998
-8.895
-11.252
-12.055000000000001
-10.527999999999999
-10.389000000000001
-10.098999999999998
-10.993999999999998
-6.802
-11.763999999999998
-13.608
-10.595
-9.925000000000002
-7.6659999999999995
-10.684999999999999
-15.084999999999999
-11.957000000000003
-14.500999999999998
-13.469
-10.505
-14.293000000000003
-6.785000000000001
-11.996
-9.305
-10.021999999999998
-7.577
-7.4030000000000005
-10.305000000000001
-9.353000000000002
-7.2780000000000005
-6.686
-17.543999999999997
-13.363
-9.096000000000002
-10.485
-11.462
-10.802
-11.844
-12.702
-16.802999999999997
-9.358
-7.002
-7.261000000000001
-11.273000000000001
-9.91
-8.735000000000001
-15.134999999999996
-8.551
-9.556076923076922
-9.646
-8.028
-7.832000000000001
-10.345
-15.096
-11.217
-13.267000000000001
-9.407
-8.925
-13.508
-9.832
-10.677000000000001
-13.049999999999999
-13.498999999999999
-6.1579999999999995
-13.733
-11.322000000000001
-14.789000000000001
-10.352999999999998
-13.102
-13.369000000000002
-9.182
-9.421
-12.689
-13.438000000000002
-7.319999999999999
-11.225
-10.934
-9.783000000000001
-14.546999999999997
-10.174999999999999
-10.711
-14.047076923076924
-10.707
-11.886999999999999
-11.604
-11.271
-10.365000000000002
-10.28
-8.254999999999999
-15.501000000000003
-11.347999999999999
-9.716
-12.143000000000002
-9.732000000000001
-11.280000000000001
-12.275000000000002
-12.436
-11.606
-12.207
-14.206
-12.765
-12.101999999999999
-10.892000000000001
-13.706000000000001
-9.6
-12.442
-10.986999999999998
-12.685
-13.022
-12.491000000000001
-9.859
-9.983000000000002
-12.275999999999998
-5.314
-14.923999999999998
-11.210999999999999
-15.342
-15.078000000000001
-10.743
-10.854999999999999
-10.486000000000002
-10.164000000000001
-8.890000000000002
-13.652999999999999
-9.965000000000002
-15.658
-9.661
-8.806000000000001
-10.911000000000001
-14.107
-13.953000000000001
-14.760000000000002
-11.581
-11.315000000000001
-10.856
-13.462
-9.783
-12.381
-14.139000000000001
-8.647076923076924
-8.419
-9.369000000000002
-10.333
-14.120000000000001
-15.88
-10.836
-11.433
-10.100999999999999
-11.234000000000002
-10.792
-10.485000000000001
-13.894000000000002
-10.565000000000001
-11.044
-9.777
-13.107
-11.989
-11.132
-10.223
-11.445
-10.353000000000002
-7.789
-12.416
-6.676
-11.734000000000002
-11.989
-8.764
-11.209000000000003
-11.206
-13.406999999999998
-8.571000000000002
-12.131
-11.087
-12.332000000000003
-13.639
-10.824
-13.961000000000002
-11.537999999999998
-14.604
-13.671999999999999
-6.682
-11.730999999999996
-8.473
-9.089
-11.876999999999999
-12.16
-8.326
-16.392000000000003
-7.083
-5.534000000000001
-10.295
-7.6850000000000005
-10.300999999999998
-8.52
-6.537
-11.922
-10.047
-15.853999999999997
-13.297
-8.477
-10.563000000000002
-11.724999999999998
-15.440000000000001
-11.762
-10.159
-17.000999999999998
-12.049000000000001
-12.595999999999998
-11.663
-11.311
-12.728000000000002
-9.09
-9.328
-11.357999999999999
-10.716000000000001
-14.163
-8.942
-9.189
-7.814000000000001
-11.937999999999999
-9.745999999999999
-10.172
-10.970999999999998
-9.671000000000001
-15.487
-14.445
-11.607000000000001
-11.995000000000005
-11.081000000000001
-13.025999999999998
-10.236
-8.285
-9.372
-9.244
-5.578
-13.161999999999999
-16.796
-5.790000000000001
-12.287
-8.399
-5.76
-11.478999999999997
-9.866
-7.738999999999999
-10.447000000000001
-13.093000000000002
-15.251
-13.382000000000001
-9.878
-14.922
-11.295000000000002
-13.022000000000002
-11.764000000000001
-10.254000000000001
-12.567000000000002
-10.871
-14.092999999999998
-10.896
-11.743
-10.786
-7.888000000000001
-9.148
-11.425
-12.172999999999998
-10.44
-12.848999999999998
-15.585
-7.401000000000001
-12.021000000000003
-11.860999999999999
-9.157
-10.607999999999999
-14.597000000000001
-11.133
-10.077
-6.313000000000001
-11.7
-10.381
-6.372999999999999
-10.336000000000002
-12.075000000000001
-11.738
-10.149
-11.665000000000001
-9.643999999999998
-12.536000000000001
-13.276
-10.104
-10.814000000000002
-10.217999999999998
-8.946000000000002
-10.822
-10.666
-11.937000000000003
-14.092999999999998
-9.452
-11.795000000000002
-10.361
-13.226
-12.449
-11.063
-12.419
-11.341000000000001
-11.691
-9.533000000000001
-11.123
-12.418999999999999
-11.755999999999998
-7.4910000000000005
-5.3870000000000005
-9.751
-11.640000000000002
-5.986
-9.209
-10.368000000000002
-12.033000000000001
-11.540000000000001
-9.684000000000001
-11.424
-13.63
-9.071
-13.331000000000001
-11.220999999999998
-9.54
-12.002999999999998
-14.510000000000002
-10.789000000000001
-10.164
-15.863000000000001
-8.826
-9.617999999999999
-11.256999999999998
-9.336
-6.059
-11.171
-15.911
-8.701
-7.1240000000000006
-10.167000000000002
-10.008
-12.458
-10.19
-13.906
-6.585
-11.634
-10.953
-13.820000000000004
-8.565000000000001
-13.942000000000002
-11.052999999999999
-11.341999999999999
-13.52
-11.775
-14.861
-13.462
-13.079
-8.044999999999998
-11.004999999999999
-13.010999999999997
-9.884000000000002
-10.918000000000001
-9.791000000000004
-12.701999999999998
-11.114
-9.19
-14.218999999999998
-12.472000000000001
-9.097
-16.016
-11.570000000000002
-12.196999999999997
-9.108
-12.377
-11.010000000000002
-12.249999999999996
-7.628000000000002
-10.522
-12.119
-11.997
-16.608
-15.679
-9.753000000000002
-11.07
-10.506999999999998
-12.53
-9.366999999999999
-12.524769230769232
-9.332
-9.712
-8.266
-9.297
-16.603
-9.752999999999998
-11.499000000000002
-5.42
-14.011000000000001
-12.323000000000004
-8.748999999999999
-15.366000000000001
-7.453000000000001
-9.441
-11.534000000000002
-10.613
-13.353
-11.160000000000002
-12.201
-11.761000000000003
-13.406999999999998
-9.57
-12.463999999999999
-12.171
-15.495000000000001
-12.436000000000002
-12.370000000000001
-13.751
-10.907
-11.007999999999997
-12.547
-12.947000000000003
-9.572000000000001
-9.039
-10.522076923076924
-9.967000000000002
-9.490000000000002
-7.949999999999999
-14.303000000000003
-10.138000000000002
-8.730999999999998
-11.674000000000001
-8.614769230769232
-10.766
-10.292
-15.157000000000004
-14.364999999999998
-10.227999999999998
-10.012
-10.051
-12.339
-7.4430000000000005
-10.939
-9.548769230769228
-10.942
-12.289
-13.673
-8.802
-10.162
-14.405000000000001
-9.842999999999998
-12.355
-9.685
-9.725
-7.841
-9.871
-12.130999999999998
-12.984
-8.847999999999999
-9.141
-11.872
-10.686
-8.728000000000002
-9.391
-11.160000000000002
-9.872
-11.061769230769231
-11.858000000000002
-9.134
-9.022000000000002
-9.235000000000001
-11.659999999999998
-7.754000000000001
-8.587
-9.308
-12.82
-7.936
-6.9959999999999996
-10.389999999999999
-11.68
-10.234000000000002
-8.620000000000001
-9.926000000000002
-7.964
-10.315999999999999
-14.688999999999998
-9.38
-5.715000000000001
-12.278000000000004
-7.7940000000000005
-11.878769230769231
-12.581000000000001
-10.655
-13.650000000000002
-8.396
-8.672
-11.562000000000005
-9.139000000000001
-10.443999999999999
-10.359
-7.974
-13.045
-10.603846153846154
-10.676999999999998
-8.771
-8.815076923076923
-11.878
-7.381
-10.972000000000001
-10.735999999999999
-11.166
-11.451999999999998
-8.425
-11.833000000000002
-10.683
-12.022000000000002
-10.287000000000003
-9.716000000000001
-9.361
-8.226
-11.855
-7.106000000000002
-6.5649999999999995
-10.924999999999999
-12.338769230769229
-9.129000000000001
-10.937999999999997
-10.621999999999998
-9.026
-10.767999999999997
-6.589769230769231
-9.994
-11.533
-14.406076923076927
-8.596
-8.593
-10.789
-7.8599999999999985
-9.263
-8.071
-7.88
-11.097000000000001
-17.448
-10.811
-6.165
-7.910999999999998
-9.534
-10.022
-7.3759999999999994
-10.446
-11.509
-10.345
-10.136
-12.462000000000002
-10.308
-10.304
-15.190000000000001
-10.243999999999998
-8.998000000000001
-7.889
-11.841999999999999
-6.946000000000001
-12.091000000000001
-8.504
-12.865
-11.456999999999999
-11.906000000000002
-11.924000000000001
-8.688
-10.532
-10.687999999999999
-10.552
-7.711
-11.423
-8.921000000000001
-6.56
-8.516
-10.308
-8.386
-13.823999999999998
-10.816999999999998
-10.133
-9.781999999999998
-9.446000000000002
-9.422
-9.777
-9.997
-9.454
-10.111
-14.803
-13.385
-13.013000000000002
-10.263
-7.186999999999999
-10.194999999999999
-9.713000000000001
-12.842
-8.553999999999998
-8.523000000000001
-9.892769230769233
-7.994999999999999
-7.085000000000001
-6.845000000000001
-9.383000000000001
-10.828769230769229
-8.012
-8.661999999999999
-10.063076923076922
-11.437076923076923
-7.447000000000001
-8.131
-11.232000000000001
-9.787999999999998
-10.733
-6.598
-8.401
-9.673
-11.391999999999998
-8.949000000000002
-9.354
-10.770000000000001
-12.083769230769231
-9.941
-9.134
-9.887999999999998
-11.608
-12.027999999999999
-12.239999999999998
-9.4
-10.929000000000004
-9.162000000000003
-8.328
-9.938000000000002
-11.169999999999998
-8.447999999999999
-8.493000000000002
-10.996
-11.341
-10.873769230769232
-9.421999999999999
-9.356076923076923
-9.078000000000001
-9.556999999999999
-7.992
-13.148999999999997
-9.498
-7.213
-9.398
-10.711000000000002
-6.961
-10.612
-9.942769230769231
-12.105999999999998
-7.435
-10.801769230769231
-11.904
-9.204
-10.919
-11.71
-9.472
-11.910000000000002
-10.029
-10.856
-13.113000000000003
-10.704000000000002
-9.279
-10.885000000000002
-9.635000000000002
-11.040999999999999
-9.849
-9.659
-11.560000000000002
-10.493
-9.633000000000001
-8.674
-11.716999999999999
-10.383000000000003
-13.266999999999998
-14.391000000000002
-8.871
-8.283999999999999
-8.494
-13.024846153846159
-7.847000000000001
-15.393999999999998
-12.28
-8.634
-5.921
-9.965
-11.745769230769232
-11.286
-12.348999999999997
-9.216000000000001
-9.787999999999998
-12.762999999999998
-9.216000000000001
-10.392076923076921
-8.425
-9.768
-9.418999999999999
-6.9540000000000015
-9.822000000000001
-9.828999999999999
-11.264
-11.423
-12.841
-7.985000000000001
-8.796
-8.572
-8.963000000000001
-8.403
-12.582
-10.934
-8.995999999999999
-8.317999999999998
-8.959000000000001
-9.354
-11.043999999999999
-10.545
-5.452999999999999
-9.811076923076923
-10.445
-6.956
-11.067999999999998
-7.742000000000001
-11.183000000000003
-11.15
-10.012
-10.005
-11.620999999999999
-15.537769230769229
-7.855999999999999
-7.258000000000001
-11.007
-10.295076923076923
-9.715
-9.364
-10.439
-12.266
-10.588000000000001
-9.783000000000001
-11.943000000000001
-8.989
-9.637
-10.446
-9.084
-10.238000000000001
-7.930769230769231
-11.487000000000002
-12.509999999999996
-7.904
-10.267999999999999
-9.215
-11.671000000000003
-11.256
-8.988846153846154
-7.773999999999999
-8.694000000000003
-11.38676923076923
-11.512076923076924
-11.051000000000002
-11.368999999999998
-12.415000000000001
-13.103999999999997
-10.034999999999998
-9.323000000000002
-9.115
-8.374000000000002
-13.326769230769232
-12.001999999999999
-11.629076923076921
-8.845
-11.464
-10.652
-9.054
-9.77
-10.559000000000001
-10.329076923076922
-10.83
-9.461769230769232
-11.839000000000002
-12.549000000000003
-9.987
-12.513000000000002
-10.491
-9.152
-12.113999999999999
-8.87
-9.28
-11.555846153846156
-10.745000000000003
-11.282
-10.919999999999996
-12.072999999999999
-7.647000000000001
-9.768
-13.153
-12.564
-10.269
-10.938076923076924
-5.811999999999999
-12.797
-11.853
-12.889
-9.988000000000001
-9.96
-11.450000000000001
-11.255
-13.676000000000002
-11.815
-9.803999999999998
-12.626000000000001
-10.131999999999998
-11.504999999999999
-11.534
-13.292
-16.26576923076923
-11.041
-8.565000000000001
-9.71
-8.025000000000002
-10.224000000000002
-6.082076923076922
-8.738000000000001
-11.439000000000002
-10.771999999999998
-9.371
-9.447538461538462
-10.247000000000002
-10.574
-12.109
-10.753
-9.270769230769233
-10.870999999999999
-11.057999999999998
-10.682999999999998
-9.151000000000002
-13.02684615384615
-10.105
-11.157
-10.318
-11.552000000000001
-12.058
-8.39
-8.274000000000001
-9.198
-6.688769230769231
-10.218
-9.117
-10.214
-8.877769230769228
-11.081076923076925
-9.226
-10.566000000000003
-8.89976923076923
-11.559000000000001
-8.389
-7.172999999999999
-9.100000000000001
-10.073000000000002
-8.227
-10.633000000000001
-9.011999999999999
-10.673000000000002
-10.287999999999998
-8.611
-8.548000000000002
-10.282076923076923
-8.793
-9.344769230769229
-9.421999999999999
-11.458076923076922
-7.155
-12.363000000000003
-14.97853846153846
-11.569
-9.895000000000001
-9.084999999999999
-9.217
-11.68
-9.16
-11.20576923076923
-12.558000000000002
-6.502000000000001
-10.865
-11.957
-10.673999999999998
-10.595
-10.173
-10.767076923076925
-8.926
-11.117076923076922
-6.644
-11.206999999999999
-8.680999999999997
-14.018769230769228
-13.709999999999997
-9.021
-6.790999999999998
-10.68076923076923
-9.806999999999999
-9.882000000000001
-8.858999999999998
-10.412
-8.66
-7.492999999999999
-9.495999999999999
-8.412
-11.012
-8.188
-7.0260000000000025
-7.941000000000002
-9.828000000000001
-11.910076923076923
-7.734
-8.853769230769231
-9.347999999999999
-11.203999999999999
-10.672076923076926
-8.86
-9.545000000000002
-14.475692307692308
-9.33976923076923
-9.857000000000003
-9.001076923076925
-7.528769230769232
-7.446
-5.989
-9.378000000000002
-8.364
-10.139000000000001
-8.009
-9.584
-10.162076923076926
-7.820999999999999
-8.747
-7.158076923076925
-8.298
-8.114846153846152
-9.973769230769232
-11.131999999999998
-9.386076923076924
-8.480999999999998
-14.621769230769232
-6.744
-10.902076923076924
-8.974076923076925
-12.607
-9.421999999999999
-8.576846153846155
-10.824
-12.661000000000003
-6.751999999999999
-10.675999999999998
-13.735999999999999
-9.023000000000001
-6.803
-9.068
-10.453000000000001
-8.504999999999999
-8.338000000000001
-8.795076923076925
-7.425000000000001
-10.463076923076922
-7.240000000000001
-7.2429999999999986
-8.648
-11.626000000000001
-9.035
-8.691076923076922
-12.346769230769233
-9.676
-9.04476923076923
-11.139999999999999
-10.056999999999999
-9.916999999999998
-8.510153846153845
-10.58776923076923
-6.462000000000001
-10.42576923076923
-9.842
-6.947
-7.7940000000000005
-10.262
-7.598076923076922
-8.323
-6.799846153846153
-13.095307692307694
-7.4140000000000015
-8.169076923076926
-9.098769230769232
-7.912000000000001
-10.03676923076923
-8.452
-8.653769230769232
-16.242769230769234
-9.549846153846152
-8.195846153846153
-18.49607692307692
-10.233999999999998
-9.306000000000001
-7.6450000000000005
-11.146769230769232
-10.203000000000003
-9.654076923076921
-6.989999999999999
-7.151999999999999
-10.43153846153846
-8.032999999999998
-9.331000000000001
-8.143076923076922
-10.538076923076922
-9.18076923076923
-7.603
-8.471
-8.621
-11.686000000000002
-9.831
-9.109
-7.667
-8.719000000000001
-9.55023076923077
-9.099846153846153
-9.275769230769232
-11.26076923076923
-10.606999999999998
-14.295923076923078
-8.902153846153844
-10.88253846153846
-12.299769230769233
-8.122999999999998
-10.309076923076924
-10.094
-6.962076923076924
-9.568
-11.588000000000001
-8.551000000000002
-11.312999999999999
-10.29492307692308
-8.788
-8.34
-8.703
-7.885
-7.65523076923077
-9.279
-9.473769230769232
-9.92053846153846
-11.093
-8.634000000000002
-10.714999999999998
-8.021
-14.274769230769232
-7.018153846153846
-8.114
-7.344999999999998
-10.956000000000001
-8.989
-13.039999999999997
-11.298
-8.554000000000002
-7.427076923076923
-11.50476923076923
-9.812
-9.999
-11.19276923076923
-8.43
-9.491846153846154
-7.379076923076922
-8.509
-8.624000000000002
-9.662999999999998
-8.395
-10.55576923076923
-9.019153846153847
-9.500538461538461
-8.112000000000002
-9.625000000000002
-7.6979999999999995
-8.595
-10.968076923076927
-9.359
-10.528999999999998
-8.532
-8.436076923076925
-11.359999999999998
-8.926000000000002
-9.14253846153846
-12.569769230769232
-9.267000000000001
-7.86176923076923
-9.981000000000002
-11.156153846153847
-6.868
-11.372846153846154
-6.827076923076924
-11.975
-9.40276923076923
-10.736
-8.762
-11.578615384615384
-13.121076923076926
-11.651
-7.957000000000001
-12.34176923076923
-9.650999999999998
-7.080999999999999
-10.937
-11.578000000000001
-12.350999999999999
-12.100153846153846
-8.324769230769231
-10.943999999999997
-10.53576923076923
-11.533000000000003
-8.329
-8.344846153846154
-9.287
-12.694846153846155
-8.914000000000001
-7.021999999999999
-9.553153846153851
-10.416769230769232
-9.643076923076922
-9.101
-12.374846153846152
-10.85707692307692
-9.080000000000002
-9.200999999999999
-9.173153846153848
-7.611
-7.7280000000000015
-8.09
-8.24276923076923
-6.524076923076922
-11.833769230769233
-8.493076923076924
-9.777
-9.747
-10.266
-8.872846153846154
-11.168999999999999
-7.460076923076923
-8.865076923076924
-9.67
-9.494076923076923
-8.988999999999999
-8.233076923076924
-9.503769230769231
-9.717000000000002
-7.605
-8.91753846153846
-9.84076923076923
-10.817769230769233
-7.018769230769231
-12.156384615384614
-7.797076923076922
-9.381
-11.614
-9.369000000000002
-6.391769230769231
-11.079846153846153
-10.919000000000002
-9.282000000000002
-9.642999999999999
-8.667846153846153
-12.006769230769232
-9.916
-11.25807692307692
-9.168000000000001
-12.676076923076925
-8.660999999999998
-10.83676923076923
-7.956769230769231
-8.267
-10.996307692307697
-10.27015384615385
-7.832000000000001
-7.302076923076923
-12.428153846153853
-8.146
-11.636076923076924
-11.535
-8.733076923076924
-9.37
-9.623
-11.908999999999999
-9.489
-8.705
-8.576999999999998
-11.042999999999997
-7.438000000000001
-9.568
-10.211615384615387
-9.638769230769233
-9.853
-15.070384615384615
-8.097000000000001
-12.70707692307692
-13.189999999999998
-9.446
-7.464076923076923
-8.820769230769232
-9.395
-7.931769230769228
-12.258
-8.628538461538461
-8.035
-7.605769230769231
-14.613076923076925
-10.593538461538461
-13.94107692307692
-10.863
-7.914000000000001
-12.899000000000001
-11.843076923076922
-10.761769230769229
-9.389000000000001
-7.829000000000001
-12.609769230769228
-11.27176923076923
-8.113076923076923
-10.691999999999998
-9.084000000000001
-10.809
-7.906999999999999
-6.075999999999999
-9.4
-8.651076923076923
-9.085
-6.745
-11.070076923076924
-8.479769230769232
-8.475000000000001
-11.020999999999999
-9.292
-8.489846153846155
-9.413999999999998
-10.008076923076924
-9.193076923076921
-7.582
-8.414000000000001
-11.449
-7.6290000000000004
-11.531153846153849
-7.449999999999999
-11.704769230769228
-11.038615384615383
-10.612000000000004
-8.379
-8.785
-9.902615384615387
-11.128076923076925
-8.251000000000001
-6.9719999999999995
-9.099
-10.479000000000001
-10.421999999999997
-8.814
-9.31376923076923
-10.756076923076922
-8.274
-9.152000000000001
-8.541
-7.433076923076921
-8.826769230769232
-8.039
-14.867076923076926
-10.525153846153847
-10.081
-12.601846153846157
-8.914000000000001
-10.221769230769233
-6.598
-12.725307692307691
-9.947000000000001
-10.051000000000002
-10.962999999999997
-13.826076923076924
-6.481999999999999
-8.411153846153848
-10.158153846153846
-10.078000000000001
-7.285999999999999
-8.71
-12.551000000000002
-8.507000000000001
-9.392153846153848
-9.885769230769231
-8.888769230769231
-9.095
-7.987999999999999
-9.219076923076925
-7.639999999999999
-8.819076923076922
-9.884076923076924
-7.973000000000001
-10.669
-11.371076923076926
-10.21607692307692
-8.475999999999999
-9.094076923076925
-9.274769230769232
-11.86453846153846
-7.905000000000001
-11.859769230769233
-9.043000000000001
-8.958
-11.164769230769235
-12.15
-9.110999999999999
-8.863
-9.556
-7.9559999999999995
-11.21253846153846
-14.34776923076923
-8.489
-12.282
-10.227076923076924
-8.614
-6.626000000000002
-7.443
-11.56076923076923
-10.396076923076924
-9.025000000000002
-11.238769230769227
-9.102
-9.103769230769233
-9.894076923076923
-11.024
-9.533
-11.411846153846154
-9.791000000000002
-10.710153846153844
-11.387
-8.241076923076921
-11.40176923076923
-8.239
-10.315307692307695
-7.322
-7.700538461538461
-11.362153846153848
-10.289076923076925
-10.359999999999998
-9.259307692307692
-11.953
-10.365846153846155
-13.089538461538465
-9.115
-6.93876923076923
-9.021076923076922
-6.077000000000002
-7.741
-5.754
-7.6419999999999995
-6.452153846153845
-9.403
-8.957
-9.955538461538465
-7.633846153846155
-12.919384615384615
-10.75
-13.600769230769227
-10.237076923076922
-15.573
-8.831153846153846
-14.384
-11.117
-10.581076923076925
-10.893769230769232
-10.990846153846157
-7.0809999999999995
-9.614
-12.577999999999998
-8.823
-7.389076923076922
-8.337
-9.432769230769232
-12.910000000000002
-9.637
-11.14123076923077
-11.47223076923077
-10.882076923076925
-6.5887692307692305
-7.098999999999999
-8.262076923076922
-9.634076923076925
-8.437076923076923
-8.193769230769231
-6.9717692307692305
-12.809923076923077
-10.201769230769232
-10.577000000000002
-7.807
-10.361076923076924
-6.346
-9.211846153846153
-8.681000000000001
-7.367
-9.481153846153848
-9.805769230769231
-13.375076923076922
-10.673153846153848
-11.453000000000003
-13.339076923076924
-8.296
-11.286999999999999
-8.54476923076923
-10.286999999999999
-7.682615384615384
-9.45592307692308
-7.652153846153847
-9.39576923076923
-8.152999999999999
-10.172999999999998
-7.810769230769232
-7.814307692307694
-9.383000000000001
-10.652076923076924
-7.387
-9.106000000000002
-6.609999999999999
-10.78553846153846
-9.66853846153846
-9.524999999999999
-6.353999999999999
-7.683000000000002
-10.198000000000002
-8.845
-9.051000000000002
-8.914076923076923
-8.345769230769232
-11.528384615384615
-12.19669230769231
-7.905
-7.356999999999999
-7.864153846153846
-10.096076923076925
-12.821000000000003
-11.055
-7.84276923076923
-9.524153846153848
-8.417
-13.272769230769232
-8.420000000000002
-7.577
-10.364076923076922
-6.53576923076923
-10.329999999999998
-11.198769230769237
-8.677153846153846
-8.591076923076923
-8.838846153846154
-9.191076923076924
-8.695076923076924
-14.207153846153846
-16.44576923076923
-8.628
-8.318000000000001
-8.64
-14.867769230769232
-8.442999999999998
-16.982
-8.59976923076923
-11.296999999999999
-9.301769230769231
-7.874769230769231
-9.721769230769231
-8.721999999999998
-6.498
-13.152000000000003
-9.079769230769228
-8.567153846153847
-10.032769230769231
-5.595999999999999
-10.044846153846153
-17.96676923076923
-14.090230769230773
-7.328846153846155
-9.713153846153848
-9.191769230769232
-7.630999999999999
-8.997000000000003
-9.096538461538463
-22.734230769230777
-10.374769230769232
-10.081153846153848
-12.946000000000002
-11.759615384615387
-10.256769230769232
-13.756769230769235
-10.151076923076923
-10.156000000000002
-7.563
-8.401000000000002
-7.671999999999999
-8.69623076923077
-12.213076923076924
-7.53776923076923
-17.72423076923078
-8.010000000000002
-8.118000000000002
-7.4270000000000005
-7.561153846153845
-9.170076923076923
-7.223076923076922
-7.390999999999999
-11.689
-11.398923076923074
-9.114923076923077
-8.660999999999998
-6.724
-8.386
-15.237307692307695
-10.827846153846156
-8.146153846153847
-10.207
-10.74576923076923
-13.27023076923077
-9.144
-16.256307692307693
-9.500000000000002
-12.856538461538463
-9.604
-10.372923076923076
-7.4507692307692315
-10.990076923076924
-9.458846153846155
-12.428923076923075
-10.550076923076924
-8.593
-10.016000000000002
-8.389000000000001
-8.606
-19.54423076923077
-7.208000000000001
-11.668
-8.544769230769232
-9.119076923076925
-8.633
-8.539
-9.084
-7.8660000000000005
-7.54976923076923
-10.274076923076922
-12.111076923076926
-9.427153846153846
-9.079999999999998
-12.619076923076921
-15.99761538461539
-13.955307692307695
-9.761999999999999
-15.21084615384615
-6.031769230769231
-8.675
-14.657769230769231
-11.409999999999998
-8.328000000000001
-10.046000000000001
-11.408
-11.348076923076922
-5.391615384615384
-10.58423076923077
-6.425000000000001
-8.734769230769231
-11.444846153846155
-7.766
-9.256076923076922
-15.9183076923077
-7.256538461538462
-8.703076923076924
-8.160769230769233
-11.37353846153846
-8.290846153846154
-11.172769230769234
-7.0070000000000014
-12.940153846153844
-8.583076923076923
-14.045000000000002
-10.489076923076922
-12.08753846153846
-7.568999999999999
-9.748615384615384
-9.116000000000003
-11.908923076923074
-9.092076923076922
-9.668538461538464
-8.221
-9.385153846153845
-11.268230769230772
-15.265538461538462
-8.85830769230769
-9.698000000000002
-9.881769230769233
-10.402000000000001
-8.629923076923077
-19.248769230769227
-10.255846153846157
-12.298076923076927
-11.856384615384616
-8.889846153846154
-8.22176923076923
-10.669769230769228
-11.530230769230773
-7.172999999999999
-9.20876923076923
-9.163153846153849
-7.632076923076923
-12.584384615384614
-9.926153846153847
-13.637307692307687
-9.097076923076925
-9.239076923076922
-10.748076923076923
-9.116
-9.271153846153847
-6.880076923076924
-9.694769230769232
-10.668153846153846
-9.786076923076925
-9.517
-8.948
-9.577076923076923
-14.204538461538457
-11.266
-6.58276923076923
-8.073999999999998
-9.819999999999999
-12.42715384615385
-9.223076923076924
-13.536153846153844
-9.226846153846155
-10.694769230769229
-11.900923076923078
-16.63276923076923
-8.876230769230771
-9.604076923076923
-6.605
-10.422846153846153
-13.897
-11.082769230769232
-7.2690769230769225
-8.213846153846156
-9.091
-9.574000000000002
-8.786999999999999
-9.490153846153849
-12.092153846153844
-14.669
-9.317076923076923
-17.15246153846154
-9.640846153846157
-10.740769230769232
-11.69269230769231
-8.682000000000002
-8.175
-9.223076923076922
-10.558153846153846
-8.706307692307693
-7.2295384615384615
-7.158
-13.061846153846158
-10.486846153846155
-8.712
-13.238076923076925
-10.006076923076924
-11.732076923076926
-14.076076923076922
-9.369
-15.001999999999999
-9.925
-14.344769230769236
-10.32923076923077
-8.151
-12.68607692307692
-9.026
-8.177076923076925
-15.908846153846156
-12.048230769230774
-8.955076923076923
-7.210153846153847
-6.917076923076922
-10.250153846153847
-10.596153846153847
-12.43123076923077
-8.445
-10.34453846153846
-12.046307692307696
-9.120769230769232
-14.400076923076925
-9.52376923076923
-9.010692307692308
-9.045076923076923
-7.716076923076922
-9.075
-8.767769230769233
-9.863000000000001
-10.218846153846153
-9.615153846153847
-13.980692307692307
-14.976461538461537
-12.274615384615384
-8.179076923076924
-14.619076923076927
-10.128000000000002
-7.319153846153846
-9.199
-8.408000000000001
-10.634076923076924
-8.468
-11.885538461538463
-14.792615384615383
-10.372076923076923
-10.221153846153847
-12.333076923076922
-8.919769230769234
-11.718076923076923
-8.064846153846153
-15.16530769230769
-10.964
-10.897769230769233
-9.541
-9.377153846153849
-10.19076923076923
-8.357
-11.870000000000003
-20.04184615384616
-7.952076923076924
-7.605000000000001
-8.821923076923074
-8.965076923076925
-8.570153846153847
-10.63307692307692
-14.417846153846158
-17.722384615384616
-8.14
-6.8
-8.200846153846154
-8.736
-8.740076923076924
-12.165769230769229
-10.036846153846156
-7.098076923076924
-13.33115384615384
-10.963538461538462
-12.251000000000001
-14.65207692307692
-13.503538461538467
-11.677999999999999
-8.781153846153849
-7.848
-7.664769230769229
-8.833
-9.72776923076923
-9.659769230769232
-9.983923076923078
-10.834076923076923
-14.122153846153848
-8.083076923076923
-11.401153846153846
-9.395
-8.521153846153846
-10.844000000000001
-15.728692307692306
-9.118076923076922
-7.879076923076924
-8.611076923076922
-7.082846153846154
-15.82815384615385
-7.707
-12.073769230769232
-9.636923076923077
-14.295153846153845
-10.602000000000004
-17.747076923076925
-10.923769230769235
-8.560999999999998
-7.755076923076926
-9.830153846153845
-10.635076923076925
-8.938846153846153
-9.59476923076923
-13.135384615384616
-7.6209999999999996
-7.925076923076924
-12.229999999999999
-10.077153846153845
-6.717000000000001
-13.781076923076926
-9.898923076923078
-13.288
-7.829999999999999
-10.080769230769231
-11.864846153846155
-9.813
-8.119076923076923
-13.91207692307692
-13.709076923076926
-11.350769230769231
-10.876076923076925
-11.05676923076923
-7.045000000000001
-12.854846153846156
-7.385000000000002
-17.35776923076923
-14.524846153846154
-10.519076923076925
-9.36030769230769
-9.943
-9.026
-8.234076923076923
-6.505
-8.01376923076923
-9.697076923076924
-9.362846153846155
-7.932846153846154
-15.180076923076923
-11.229538461538464
-12.574000000000005
-13.082230769230774
-8.585
-9.341999999999999
-9.018769230769232
-11.497769230769231
-10.890076923076922
-18.42853846153846
-10.99015384615385
-11.199846153846158
-10.349
-10.896076923076926
-9.404153846153845
-10.558000000000002
-10.415076923076924
-10.49576923076923
-7.996076923076923
-11.356076923076923
-8.252
-10.930769230769231
-9.887461538461539
-12.056923076923074
-11.858230769230769
-5.722076923076923
-9.218076923076923
-9.996692307692308
-11.842999999999998
-9.074000000000002
-9.244076923076923
-9.909769230769232
-7.660000000000002
-16.223384615384614
-11.584923076923074
-7.572076923076925
-11.834923076923078
-11.849076923076927
-12.87323076923077
-7.762999999999999
-7.659000000000002
-6.744769230769231
-9.958
-11.33107692307692
-9.166076923076925
-9.01176923076923
-10.683153846153846
-9.561846153846155
-15.288923076923083
-7.849076923076923
-8.868
-13.241999999999999
-8.435846153846157
-10.437230769230768
-10.715769230769231
-10.420307692307693
-14.900769230769232
-9.003538461538461
-9.461
-14.140846153846152
-8.832769230769232
-10.615307692307692
-11.953076923076924
-7.540000000000001
-12.586000000000002
-8.208000000000002
-13.547076923076922
-9.753153846153849
-11.279769230769233
-9.022999999999998
-13.823769230769235
-6.734076923076924
-20.696153846153848
-15.862000000000002
-12.029000000000002
-13.943153846153848
-11.245230769230771
-8.219153846153844
-10.048769230769233
-8.866538461538461
-11.515307692307692
-15.435615384615387
-11.715076923076925
-6.606769230769233
-12.23353846153846
-6.357
-9.06115384615385
-8.41676923076923
-7.324923076923078
-7.081076923076925
-10.867615384615384
-8.524846153846152
-8.544538461538462
-8.953
-9.231076923076923
-7.578
-9.85153846153846
-9.837846153846153
-11.683846153846158
-8.612769230769231
-6.757769230769231
-7.635000000000001
-17.021692307692305
-14.798076923076925
-8.242076923076922
-12.554230769230774
-7.966846153846155
-11.173999999999998
