0
-7.6610000000000005
-10.909
-8.128
-10.729
-9.759
-10.668000000000001
-10.613000000000001
-12.652000000000001
-12.331
-7.3790000000000004
-10.703999999999999
-8.058
-7.442
-6.064
-8.672
-6.713
-7.88
-6.473
-5.133
-5.964
-8.918000000000001
-7.635
-6.612
-6.589
-8.355
-8.665
-12.89
-11.574000000000002
-8.974
-11.712
-9.349
-9.452
-16.789
-10.674000000000001
-12.394000000000002
-12.277000000000001
-9.014999999999999
-10.638000000000002
-12.124999999999998
-6.674
-9.324000000000002
-10.806000000000001
-11.222999999999999
-12.250000000000002
-5.2669999999999995
-15.063999999999998
-7.734000000000001
-6.498000000000001
-8.271
-12.246000000000002
-12.979
-10.402000000000001
-15.300999999999998
-8.385000000000002
-8.214
-8.584
-5.869
-6.8100000000000005
-6.998000000000001
-4.059
-11.263
-10.056
-11.155
-7.421
-9.229000000000001
-7.415000000000001
-12.201
-6.39
-4.991
-13.543000000000001
-7.730999999999999
-10.053
-7.619
-9.187999999999999
-5.841
-11.751999999999999
-5.864000000000001
-12.221
-6.976
-13.47
-12.049
-10.731
-10.215
-11.089
-11.629999999999999
-11.583
-7.734
-12.628
-8.395
-11.253999999999998
-10.481000000000002
-10.088000000000001
-9.238999999999999
-11.826
-11.436
-12.563999999999998
-10.449
-10.966
-6.404000000000001
-6.771
-10.948
-13.223
-7.378
-10.555
-9.373999999999999
-7.324
-10.242
-7.644
-15.354999999999999
-9.829
-13.838000000000001
-9.835
-8.492
-14.732
-14.151000000000002
-13.616
-10.607
-14.001999999999997
-7.274000000000001
-10.036999999999999
-7.633
-10.289
-8.727
-11.438000000000002
-11.259
-13.659000000000002
-12.975
-11.328
-6.521
-9.133
-10.107000000000001
-11.142999999999999
-9.463
-13.934
-9.766
-10.661000000000001
-10.298
-9.006
-6.425999999999999
-11.636000000000001
-10.509
-11.911000000000003
-11.211
-13.879999999999999
-8.187
-13.714
-6.541
-12.814
-9.151
-8.52
-7.462999999999999
-10.424000000000001
-14.698
-14.896
-7.978
-8.093
-9.06
-15.077999999999998
-10.539
-9.453
-10.625
-11.092999999999998
-11.267
-8.814
-10.328999999999999
-12.733
-13.251000000000001
-7.541999999999999
-12.693
-11.441
-11.729000000000001
-15.566
-12.841999999999999
-8.532
-8.012
-7.555999999999999
-8.748000000000001
-11.560999999999998
-11.595
-4.224
-13.761
-9.959000000000001
-8.518
-10.628
-13.965000000000003
-9.671000000000001
-8.952000000000002
-9.488
-6.2540000000000004
-10.321
-7.851000000000001
-8.030000000000001
-11.16
-14.250000000000002
-14.852
-8.391
-9.244
-7.526999999999999
-12.662
-11.433000000000002
-8.940000000000001
-11.612000000000002
-6.466
-11.800000000000002
-8.914
-10.206
-7.050999999999999
-6.878
-11.48
-8.299
-7.708
-8.408000000000001
-11.193000000000001
-14.571
-14.140999999999998
-8.06
-10.515
-9.606
-7.702000000000002
-10.358999999999998
-9.588999999999999
-14.121
-6.981
-7.454999999999999
-8.315999999999999
-5.372999999999999
-8.722999999999999
-15.899000000000001
-6.8100000000000005
-8.404
-9.413
-7.118
-4.993
-6.748
-7.678000000000001
-7.801000000000001
-11.107
-7.918
-13.129999999999999
-8.76
-9.954
-18.81
-15.285
-8.961
-7.42
-10.922
-10.287
-10.436
-8.667
-11.687000000000001
-13.930000000000001
-9.069
-7.987
-12.669
-8.570999999999998
-7.883
-9.421000000000001
-10.877000000000002
-5.354
-9.797
-5.969000000000001
-11.856000000000002
-10.223
-10.028
-9.519000000000002
-11.378999999999998
-8.338
-7.346000000000002
-7.032
-9.13
-7.737
-8.171000000000001
-12.255
-6.694
-10.061
-13.390999999999998
-11.872000000000002
-8.411
-13.443
-9.661000000000001
-13.189
-12.117
-8.125
-13.239
-14.27
-11.682
-11.309
-9.628
-8.469999999999999
-9.076
-9.261
-18.072
-12.923
-8.576
-11.788
-11.472
-10.529
-14.324
-11.124999999999998
-14.262999999999996
-11.319
-8.673
-8.952
-14.188999999999998
-13.112
-11.272
-7.187
-10.567
-9.527
-9.283
-8.234
-8.427999999999999
-10.041
-11.975999999999999
-8.713000000000001
-9.308
-14.361
-12.471
-7.598
-13.460999999999999
-9.908
-8.066
-7.461
-12.731000000000002
-11.952
-7.54
-7.476
-15.145
-4.170999999999999
-9.568
-7.662
-9.151
-9.144
-7.898000000000001
-8.617
-9.218
-10.987
-8.934999999999999
-12.192
-6.249
-9.97
-8.185
-6.141
-6.539
-16.738
-5.965000000000001
-15.812000000000001
-6.252
-11.213999999999999
-8.867
-9.037
-8.148
-8.682
-15.208
-9.864999999999998
-10.796999999999999
-9.139
-6.102000000000001
-11.613
-9.642000000000001
-9.792
-7.981000000000001
-7.147999999999999
-6.056
-13.513000000000002
-10.855999999999998
-8.154
-9.112000000000002
-14.916999999999998
-11.387
-8.652000000000001
-13.378999999999998
-10.96
-12.451
-8.43
-6.8549999999999995
-10.965
-13.334
-11.7
-7.457
-11.196
-14.264
-12.681
-9.4
-6.378
-7.770000000000001
-10.533999999999999
-8.088000000000001
-7.594999999999999
-4.9239999999999995
-7.106
-9.27
-10.525
-11.861
-14.729000000000001
-7.784000000000001
-13.233
-7.21
-9.444
-11.896999999999998
-8.207
-14.373000000000001
-9.177999999999999
-10.677999999999999
-7.410000000000001
-9.212000000000002
-10.248000000000001
-13.447000000000003
-6.242
-14.477999999999996
-9.183
-9.292000000000002
-9.66
-7.9350000000000005
-8.265
-6.503
-10.055
-9.961
-10.793
-6.603999999999999
-10.411999999999999
-7.915000000000001
-12.423
-12.483
-11.222
-11.521
-7.319000000000001
-8.261
-10.825999999999999
-9.728
-4.671
-10.655000000000001
-12.088000000000003
-11.918000000000003
-6.643000000000001
-8.518999999999998
-9.034
-7.519000000000001
-7.5360000000000005
-8.299
-11.044
-13.074
-7.850000000000001
-16.005
-7.367000000000001
-12.041999999999998
-11.063
-15.786999999999999
-12.046
-7.422000000000001
-5.253
-11.648999999999997
-6.961
-11.392000000000003
-13.177000000000003
-10.079
-14.861999999999998
-9.350999999999999
-13.129
-12.083
-6.391000000000001
-14.231
-11.302000000000001
-7.310999999999999
