0
-11.569
-12.578000000000001
-8.619
-14.527
-13.568999999999999
-7.701999999999999
-9.735999999999999
-11.304000000000002
-8.307000000000002
-11.448
-8.715
-6.271
-3.828
-6.536999999999999
-9.482000000000001
-7.994999999999999
-4.624999999999999
-11.837000000000002
-6.555999999999999
-11.58
-10.211000000000002
-9.762
-8.219
-10.347
-11.778
-8.508
-15.257
-8.767999999999999
-8.405000000000001
-11.709000000000001
-10.043000000000001
-7.856000000000001
-14.344000000000001
-8.729000000000001
-13.212000000000002
-10.083
-8.451999999999998
-11.631
-7.3660000000000005
-11.675999999999998
-12.148000000000001
-11.713
-12.204
-10.408
-10.580000000000002
-6.880000000000001
-8.971
-8.166
-9.296
-8.386
-7.12
-6.239
-11.320000000000002
-13.648000000000003
-14.349
-15.544999999999998
-13.271
-12.466999999999999
-13.641000000000002
-9.335
-10.542000000000002
-13.893999999999998
-12.507
-15.275
-8.119
-6.831
-11.484
-5.559
-11.344
-10.465
-8.189
-12.924000000000001
-6.1240000000000006
-13.377
-7.936999999999999
-10.627
-10.213
-10.116
-8.995999999999999
-15.038
-14.179
-9.864
-14.258000000000001
-10.09
-4.634
-6.321999999999999
-7.865
-4.869999999999999
-14.565000000000003
-6.9559999999999995
-6.828
-8.434000000000001
-10.843999999999998
-12.438
-9.641
-4.22
-9.871
-15.138
-13.725999999999999
-13.447000000000001
-5.412
-9.409
-11.804
-5.233
-15.143
-11.951
-10.337
-7.926
-14.115000000000002
-9.355
-9.076
-9.413
-14.934000000000001
-10.675000000000002
-8.369
-9.747
-12.748999999999999
-5.954
-9.760000000000002
-11.459999999999999
-6.114
-6.93
-8.556
-7.825
-7.608999999999999
-9.715
-6.924
-10.698
-7.568
-8.940999999999999
-7.117
-12.100000000000001
-11.815999999999999
-6.768
-10.189
-11.712000000000002
-5.374
-12.068000000000001
-11.737
-7.659
-10.828999999999999
-10.709
-7.27
-6.351
-9.995999999999999
-6.889999999999999
-10.102
-9.548
-11.636000000000001
-11.068000000000001
-5.834
-13.766000000000002
-13.151999999999997
-8.476
-5.8420000000000005
-13.030000000000001
-15.674000000000001
-9.621
-10.902000000000001
-8.132000000000001
-5.891
-7.109
-9.449000000000002
-9.587
-7.148999999999999
-8.153
-13.167000000000002
-6.997
-10.810999999999998
-10.395999999999997
-11.066
-8.709999999999999
-9.205
-5.82
-10.497
-13.115000000000002
-8.760000000000002
-13.936
-7.711
-9.975
-16.368
-9.131999999999998
-7.662999999999999
-9.622
-10.978
-8.829
-10.158
-8.850000000000001
-12.437
-6.665000000000001
-14.765000000000002
-5.4030000000000005
-8.017
-11.323999999999998
-6.257000000000001
-11.490000000000002
-5.528
-12.67
-10.337
-8.733
-9.251000000000001
-11.96
-9.235
-10.660000000000002
-12.755
-8.281
-5.625
-15.441999999999998
-15.818
-7.528
-10.675999999999998
-10.021999999999998
-8.229000000000001
-10.1
-8.212
-12.309000000000001
-6.452999999999999
-10.122
-7.871
-16.055
-6.19
-11.434000000000001
-6.207000000000002
-10.944999999999999
-9.934
-4.993
-8.350999999999999
-12.077
-8.601
-7.768000000000001
-13.34
-5.626
-10.632
-7.521
-13.118000000000002
-12.225999999999999
-6.072
-7.849
-14.236
-11.52
-11.411000000000001
-10.578
-10.675
-12.673999999999998
-7.8389999999999995
-13.272
-10.656
-8.445
-7.028
-8.879999999999999
-7.646000000000001
-6.5809999999999995
-5.542
-12.826000000000002
-8.774000000000001
-9.611
-10.862000000000002
-7.614
-7.394
-7.470000000000001
-17.194
-9.124
-9.515000000000002
-13.043
-8.865
-9.888
-10.718
-9.048000000000002
-10.942
-12.479000000000001
-15.692000000000002
-11.07
-10.504000000000001
-12.039999999999997
-14.943999999999999
-8.597
-8.956
-9.25
-5.4079999999999995
-11.838
-10.366
-12.58
-9.519
-8.474
-8.404
-12.363
-15.074
-5.371
-8.768999999999998
-8.962
-10.849
-12.574000000000002
-12.908000000000001
-5.896
-13.405
-7.014
-7.208
-6.152000000000001
-11.511
-7.470000000000001
-8.154000000000002
-8.944
-13.145000000000001
-8.559000000000001
-11.642
-13.541
-12.381
-14.578000000000001
-8.634
-13.574
-15.182999999999998
-8.894000000000002
-6.6450000000000005
-7.879
-9.078000000000001
-15.384999999999998
-10.044
-10.946
-7.799
-7.587000000000001
-5.208
-8.82
-10.86
-8.881
-13.315999999999997
-7.446999999999999
-7.151
-9.941
-8.282
-15.048
-8.623999999999999
-13.093
-12.321
-9.937
-8.856000000000002
-11.260000000000002
-15.305
-7.396
-9.187
-10.351
-11.036999999999999
-11.213999999999999
-13.682
-7.901999999999999
-6.548
-18.261
-5.792
-5.287000000000001
-9.733
-13.130000000000003
-12.967
-10.028
-7.4270000000000005
-6.128
-8.928
-10.457999999999998
-13.006
-14.648000000000003
-9.961
-11.522000000000002
-4.499
-11.206
-9.392
-13.036
-6.665
-9.126
-14.537
-10.32
-13.525999999999998
-11.032
-9.681
-9.57
-10.272
-11.513
-14.278999999999996
-13.859999999999998
-8.314
-8.784000000000002
-8.331999999999999
-14.334000000000003
-12.222
-12.658000000000001
-5.5969999999999995
-6.519
-8.994
-9.115000000000002
-6.601999999999999
-14.594999999999999
-7.481000000000001
-9.578
-9.135
-8.210999999999999
-8.097999999999999
-5.141
-8.283
-10.434000000000001
-10.989
-12.832999999999998
-9.578000000000001
-10.466
-8.567
-12.301999999999996
-15.337
-13.517
-8.913999999999998
-9.178999999999998
-11.463999999999999
-9.792
-10.578999999999999
-15.777
-16.058999999999997
-9.302000000000001
-9.335
-8.873000000000001
-8.120999999999999
-7.899000000000001
-7.726999999999999
-12.768
-6.615
-11.193
-10.065999999999999
-12.693999999999999
-8.98
-12.425999999999998
-8.814
-9.226000000000003
-8.177
-8.847000000000001
-11.632000000000001
-11.45
-12.099
-14.487000000000002
-7.338000000000001
-5.647
-12.596999999999998
-11.389
-10.727000000000002
-6.246
-7.529
-13.700000000000001
-9.323
-12.210999999999999
-4.481999999999999
-7.191000000000001
-12.008
-10.751999999999999
-15.743999999999998
-8.499
-5.221
-6.965
-13.778000000000002
-6.692
-11.088000000000001
-4.798
-9.203000000000001
-6.904
-10.428
-12.161000000000001
-15.000000000000002
-13.917000000000002
-9.292
-7.455000000000001
-10.947000000000001
-9.555000000000001
-11.123
-12.34
-11.467999999999998
-11.822000000000001
-12.673
-10.072000000000001
-8.379999999999999
-9.923
-7.4910000000000005
-10.552
-6.308
-6.997000000000001
-14.222999999999999
-13.919000000000002
-8.264
-11.47
-7.697
-10.417
-10.972
-5.978999999999999
-6.180000000000001
-14.312
-4.827
-16.533
-9.397
-9.151
-5.846
-11.193999999999999
-4.612
-10.798
-12.844
-10.674
-11.025
-10.574
-9.950999999999999
-10.53
-9.176
-14.593
-9.904
-9.664
-8.363
-6.513
-16.333000000000002
-17.252
-5.966
-13.726000000000003
-4.247
-9.171
-4.112
-8.799
-13.783999999999997
-7.118
-6.894000000000001
-10.899000000000001
-10.175
-10.425999999999998
-8.878
-4.797000000000001
-8.870000000000001
-11.387
-15.780000000000001
-13.246
-10.143
-11.911000000000001
-16.412
-12.989
-10.886
-12.183
-13.776
-14.552999999999999
-11.435
-12.424000000000003
-13.566000000000003
-8.888
-9.923000000000002
-7.496
-15.243
-11.486
-10.504000000000001
-11.678999999999998
-10.982
-10.355
-6.378
-10.495
-15.399999999999999
-8.161000000000001
-6.7780000000000005
-11.325
-7.183
-11.327
-4.953
-11.572000000000001
-12.359000000000002
-8.248999999999999
-6.594000000000001
-8.274000000000001
-10.957999999999998
-9.646
-14.404
-10.873000000000001
-10.509
-6.668
-13.241
-11.636999999999999
-10.105999999999998
-15.463999999999999
-10.382
-11.891
-10.120000000000001
-11.489
-12.934000000000001
-14.582000000000003
-7.853
-7.174
-9.963
-14.610000000000001
-10.017999999999999
-12.468
-11.472999999999999
-10.431999999999999
-10.270000000000001
-10.446000000000002
-10.704
-8.008
-11.579999999999998
-8.199000000000002
-10.140999999999998
-14.968000000000002
-5.085999999999999
-10.437000000000001
-9.062999999999999
-10.979
-11.075000000000001
-6.729
-11.372
-17.897
-6.948
-9.573
-10.316999999999998
-11.306000000000001
-14.017
-10.234
-9.445
-8.038
-12.364
-12.828999999999999
-8.057
-12.072
-8.524000000000001
-7.763000000000001
-11.44
-9.208
-8.515999999999998
-7.275
-6.170999999999999
-7.3549999999999995
-16.095
-10.583000000000002
-10.86
-10.309000000000001
-11.010000000000002
-9.93
-11.591
-7.092
-11.498999999999999
-15.542000000000002
-6.6240000000000006
-9.378
-12.575
-10.001000000000001
-10.163000000000002
-10.272
-16.682
-10.687000000000001
-13.601
-9.919
-10.051
-11.584
-10.791999999999998
-13.163
-15.652999999999999
-9.221
-8.953000000000001
-11.298
-9.381999999999998
-8.04
-9.312
-11.802999999999999
-8.316
-5.948
-12.544
