0
-11.089
-8.393
-8.543999999999999
-14.083999999999998
-11.2
-8.934999999999999
-11.041
-6.893000000000001
-8.968
-9.039
-12.955
-18.965
-10.787999999999998
-12.452000000000002
-8.529
-10.350999999999999
-14.957
-7.480000000000001
-12.424999999999999
-14.709
-9.925
-9.136999999999999
-7.783000000000001
-7.0760000000000005
-14.996999999999998
-14.022
-8.338000000000001
-12.354
-7.693999999999999
-5.747999999999999
-14.557
-10.647
-7.246
-6.825000000000001
-11.236
-7.145999999999999
-12.636999999999999
-8.739
-12.302
-7.288
-7.739999999999999
-11.751999999999999
-11.104
-7.816000000000001
-5.212000000000001
-9.064
-8.830000000000002
-9.447000000000001
-11.263000000000002
-12.841999999999999
-15.503
-7.861000000000001
-7.661
-9.567
-6.69
-8.432
-11.276
-5.002
-7.635
-13.273000000000001
-11.168
-7.971
-9.864999999999998
-4.57
-12.595999999999998
-15.644
-12.074
-11.318000000000001
-11.184000000000001
-14.209999999999997
-7.9799999999999995
-11.364999999999998
-7.981999999999999
-5.49
-7.0840000000000005
-12.354999999999999
-11.391000000000002
-7.054
-14.171
-10.996
-12.126000000000003
-10.13
-13.635
-7.997
-12.908
-9.376999999999999
-11.097
-13.529000000000002
-12.964
-13.488
-12.611
-9.201
-14.771000000000003
-11.924000000000001
-8.974999999999998
-9.728000000000002
-10.197
-11.222
-7.8919999999999995
-14.525
-13.245000000000003
-12.463
-10.079
-12.51
-9.780000000000001
-9.370000000000001
-8.869
-14.405
-5.796
-8.182
-12.292
-12.428
-14.480999999999998
-7.707
-13.006000000000002
-15.209000000000001
-11.509
-9.708
-6.532
-10.706
-7.721000000000001
-7.146999999999999
-8.670000000000002
-5.539
-11.133000000000003
-12.591000000000001
-7.264000000000001
-9.24
-12.51
-8.841999999999999
-7.2540000000000004
-12.167
-9.655
-7.365
-14.202000000000002
-10.315999999999999
-12.603
-6.789999999999999
-8.725999999999999
-6.661999999999999
-10.74
-9.101999999999999
-7.444
-9.040000000000001
-4.465
-6.432
-7.744
-9.26
-10.965
-8.908
-11.144
-9.563
-11.872
-5.702999999999999
-15.506000000000002
-9.754999999999999
-10.07
-11.965000000000002
-11.404
-11.653
-16.698999999999998
-11.906
-12.365
-7.931
-8.606
-11.206
-12.033999999999999
-8.57
-11.118
-7.474
-7.236000000000001
-9.292
-8.774999999999999
-16.664
-5.146
-7.378
-8.520999999999999
-6.083
-6.112
-12.032
-7.944
-10.059
-10.068000000000001
-8.715
-12.398
-12.281
-11.590000000000002
-5.376
-10.056
-10.858999999999998
-7.38
-6.8629999999999995
-13.645
-7.666
-7.582000000000001
-7.903999999999999
-8.883
-13.365000000000002
-11.046000000000001
-11.256
-8.85
-11.803
-10.664
-9.029
-10.126
-10.729000000000001
-19.365000000000002
-14.239
-11.306000000000001
-9.42
-10.476
-10.081000000000001
-8.819
-7.4559999999999995
-10.275
-18.434
-9.301
-11.333000000000002
-11.063
-9.408
-4.978
-5.325
-12.677000000000001
-6.366
-11.184000000000001
-9.517
-9.671000000000001
-14.019999999999998
-9.389999999999999
-13.115
-7.866
-11.184000000000001
-8.408999999999999
-11.125000000000002
-5.384
-9.565
-7.1339999999999995
-8.948999999999998
-11.834000000000001
-9.908
-7.162000000000002
-11.61
-8.956000000000001
-14.246
-10.094
-11.494
-5.942
-9.51
-6.344
-16.484
-7.9110000000000005
-9.503
-6.88
-11.372
-11.144999999999998
-10.373999999999999
-10.012
-9.547
-10.825000000000001
-6.951
-10.387
-11.947000000000001
-13.813
-11.752999999999997
-6.625
-15.693999999999999
-12.356
-10.005
-11.744
-9.681000000000001
-9.036
-4.586
-11.96
-11.902
-16.073
-8.085
-10.871
-11.19
-6.998
-12.673999999999998
-7.728000000000001
-6.742
-10.995
-8.735999999999999
-4.25
-13.235999999999997
-6.776
-14.108999999999998
-13.997000000000002
-14.211999999999998
-8.866
-6.258
-11.222000000000001
-13.299
-7.680999999999999
-16.552999999999997
-14.440000000000001
-11.204
-8.667
-11.626
-12.826
-7.496999999999999
-9.986
-13.192
-6.1339999999999995
-9.501999999999999
-12.859000000000002
-13.001
-8.472999999999999
-11.439000000000002
-7.980999999999999
-12.366999999999999
-12.701999999999998
-9.019000000000002
-7.131
-12.189000000000002
-7.281000000000001
-9.08
-11.661
-11.031
-6.542000000000001
-11.786999999999999
-8.259999999999998
-13.582
-15.126000000000001
-12.509
-10.638
-9.868
-10.332
-9.069999999999999
-8.229999999999999
-8.081
-10.852
-14.770000000000001
-10.423
-12.959999999999999
-10.267000000000001
-12.395999999999999
-4.588
-10.075
-9.042
-11.520999999999999
-10.93
-11.476
-12.574000000000003
-12.331
-9.034
-9.6
-8.59
-12.117999999999999
-11.202000000000002
-9.708
-8.209
-11.149000000000001
-12.752999999999998
-13.820000000000004
-12.038
-9.886000000000001
-15.741999999999999
-13.417000000000003
-9.621
-13.208
-10.339999999999998
-11.6
-8.021999999999998
-10.18
-11.933000000000002
-8.835
-11.861999999999998
-8.485
-11.213999999999999
-10.564
-10.575
-8.790000000000001
-10.543000000000001
-6.111000000000001
-8.872999999999998
-11.745999999999999
-13.453
-10.714
-7.111
-9.346
-8.26
-14.563999999999998
-11.183
-11.945999999999998
-9.515
-5.015000000000001
-9.554
-12.607000000000001
-8.745000000000001
-7.581999999999999
-10.386000000000001
-10.914000000000001
-12.633000000000001
-9.089
-5.498
-7.688
-5.889
-11.965
-11.098
-5.564
-9.58
-8.632000000000001
-10.964000000000002
-12.401
-11.743
-12.953
-9.079
-10.709999999999999
-11.504000000000001
-8.373000000000001
-10.246000000000002
-13.524999999999999
-12.671
-8.394
-11.796000000000001
-10.141
-12.028999999999998
-7.515999999999999
-10.165
-7.928
-11.815999999999999
-12.816
-14.425
-11.841999999999999
-13.785
-7.176
-7.776999999999999
-6.4559999999999995
-8.563
-7.994000000000001
-12.818999999999999
-6.706999999999999
-9.509
-10.267
-8.760000000000002
-7.0840000000000005
-11.833
-13.0
-7.6450000000000005
-16.543999999999997
-13.603000000000002
-6.831
-10.634999999999998
-10.858999999999998
-11.586000000000002
-10.529
-9.794
-7.896
-15.082999999999998
-18.465000000000003
-10.297
-11.065999999999999
-9.747
-11.559000000000001
-10.802
-12.398
-9.779000000000002
-9.703000000000001
-13.016
-10.158999999999999
-9.632
-10.945
-13.738000000000003
-5.321999999999999
-7.695
-9.344
-12.837
-11.130000000000003
-11.414000000000001
-10.444000000000003
-14.411000000000001
-5.689
-12.803999999999998
-10.336
-13.554000000000002
-11.875
-14.862000000000002
-14.254999999999997
-8.602
-5.466
-3.839
-9.646
-7.675000000000001
-9.860000000000001
-14.369
-10.515
-13.376999999999999
-12.703000000000001
-5.425000000000001
-10.873
-12.351
-10.479
-11.557
-7.8809999999999985
-12.045999999999998
-12.609
-14.184000000000001
-9.551
-7.132999999999999
-11.544
-7.198000000000001
-8.424
-17.96
-10.373000000000003
-6.19
-12.134000000000002
-15.680000000000001
-15.001999999999999
-11.751000000000001
-9.796
-14.359
-11.864
-7.5920000000000005
-10.031
-7.071
-11.632000000000001
-10.651000000000002
-11.342
-9.158999999999999
-11.586
-11.609000000000002
-10.468000000000002
-13.969
-11.846
-8.029
-8.716000000000001
-13.076
-11.124
-9.872
-8.690999999999999
-8.905000000000001
-12.587000000000002
-11.268
-9.911
-9.129
-8.071
-10.707000000000003
-11.077
-8.834
-8.313
-13.195
-9.539
-12.825000000000001
-7.566
-8.866
-5.3100000000000005
-8.73
-10.733
-5.3180000000000005
-9.962
-10.044999999999998
-11.037
-8.313
-11.623
-8.868
-7.415
-7.048
-17.412000000000003
-11.804
-11.915
-11.024
-7.681000000000001
-10.649000000000001
-12.854000000000001
-7.622
-13.67
-15.223000000000003
-9.18
-12.996
-17.845999999999997
-6.4190000000000005
-7.720999999999999
-11.942
-7.603000000000001
-12.088
-9.146999999999998
-8.292000000000002
-12.692
-7.995000000000001
-6.236
-9.911999999999999
-7.5600000000000005
-11.065
-9.553
-11.592999999999998
-9.656
-8.379999999999999
-17.027
-15.222000000000001
-12.982999999999999
-6.596
-13.26
-13.060000000000002
-7.773
-11.193999999999999
-13.467999999999998
-8.504
-7.226
-9.442
-11.244
-12.604
-11.652000000000001
-12.556000000000001
-10.408000000000001
-8.456
-15.158999999999997
-10.690000000000001
-9.241
-7.986000000000001
-11.681
-11.010000000000002
-7.559000000000001
-10.209
-9.8
-6.325
-7.2459999999999996
-13.071000000000002
-14.1
-11.204999999999998
-14.332000000000003
-11.879
-7.479
-8.619
-9.124
-13.120000000000003
-9.863
-11.309000000000001
-7.4959999999999996
-8.018
-13.091
-13.520000000000001
-12.303
-15.956
-15.854999999999997
-12.916
-7.991
-13.703000000000001
-6.511000000000001
-12.252
-7.949
-7.638000000000001
-12.276
-9.441
-12.326
-6.154
-9.936999999999998
-11.310000000000002
-12.004
-11.974000000000002
-7.720000000000001
-11.873000000000001
-9.938
-12.177
-11.200000000000001
-7.430000000000001
-10.551
-10.096
-18.818
-10.627
-12.727000000000002
-11.115000000000002
-5.593
-5.297
-8.028
-15.722000000000001
-5.658
-10.559000000000001
-8.404
-17.171999999999997
-13.195000000000002
-14.667000000000003
-11.347
-5.362
-13.454999999999998
-8.375
-12.780000000000001
-9.113
-11.341
-7.7299999999999995
-8.167
-11.884
-9.62
-10.768
-13.698
-7.541000000000001
-10.999999999999998
-10.779000000000002
-10.208
-12.725
-11.203
-13.174999999999999
-12.690999999999999
-9.084
-10.891
-7.949999999999999
-9.812
-11.401
-10.193
-10.616
-8.327000000000002
-7.381
-15.409999999999998
-9.622
-10.355
-9.793
-12.638000000000002
-9.439
-9.790000000000001
-12.27
-11.997
-7.742999999999999
-14.178999999999998
-15.959
-11.934
-12.307999999999998
-7.276999999999999
-8.152000000000001
-10.833
-8.073
-13.183
-10.894
-12.518999999999998
-14.691
-9.594
-12.157000000000002
-10.054
-12.351
-14.184000000000001
-14.287999999999998
-7.3950000000000005
-11.683
-10.247000000000002
-13.698
-9.19
-10.648000000000001
-9.479
-10.571999999999997
-11.991999999999999
-13.351
-12.261
-8.875
-10.363999999999999
-11.824
-11.081999999999999
-6.787999999999999
-10.66
-10.973
-11.813
-8.086000000000002
-7.8580000000000005
-11.497000000000003
-8.378
-10.019000000000002
-8.703999999999999
-8.924
-12.181999999999999
-9.335
-13.344000000000003
-11.825
-12.026
-12.375000000000002
-12.113
-11.572
-14.264
-9.206000000000001
-11.284
-11.674
-10.106000000000002
-14.711000000000002
-10.379999999999999
-3.7300000000000004
-6.629000000000001
-12.281999999999998
-12.870000000000003
-13.103
-7.7459999999999996
-11.291
-11.839999999999998
-13.919
-11.963
-14.016
-8.625
-5.875
-10.182
-8.984
-9.931
-11.730000000000002
-8.572999999999999
-5.773999999999999
-11.876999999999999
-9.69
-15.646000000000003
-9.499
-11.155000000000001
-8.251999999999999
-11.462
-7.863000000000001
-8.357000000000001
-10.976
-10.298000000000002
-7.476000000000001
-15.817000000000002
-13.897000000000002
-14.965000000000003
-14.074
-8.666999999999998
-10.636000000000001
-14.486999999999998
-7.129000000000001
-12.85
-9.001999999999999
-11.052
-11.763
-13.269
-9.653
-17.206000000000003
-8.225000000000001
-8.672
-9.333
-8.368
-7.218
-13.302
-13.370999999999997
-13.142
-11.015999999999998
-10.656
-8.777000000000001
-12.919
-11.949000000000002
-7.045
-12.905000000000001
-11.348
-7.646
-8.722999999999999
-14.232999999999999
-12.122
-7.618000000000001
-9.928
-10.526
-7.867000000000001
-9.709
-12.893
-10.576
-8.447
-5.236
-8.937999999999999
-9.857000000000001
-9.380999999999998
-12.002
-6.897000000000001
-9.447
-12.273000000000001
-11.475
-11.770999999999997
-10.389
-13.384000000000002
-8.327
-10.857
-10.978000000000002
-9.306999999999999
-9.25
-14.531999999999996
-7.896000000000001
-7.7059999999999995
-13.14
-5.848999999999999
-13.870000000000001
-11.11
-12.847999999999999
-7.659
-4.852
-8.969000000000001
-11.229000000000001
-10.268
-7.114
-12.14
-8.961000000000002
-10.607
-11.088
-13.398000000000001
-12.032
-11.03
-7.98
-13.395000000000001
-12.739999999999998
-11.048
-13.922
-8.036999999999999
-14.547
-7.770999999999999
-13.175
-7.346
-9.940000000000001
-12.814000000000002
-9.133000000000001
-14.423000000000002
-10.533000000000001
-5.423
-11.974
-12.859000000000002
-10.386
-8.791
-11.552000000000001
-10.614999999999998
-10.100999999999999
-9.973
-9.649
-14.166
-12.933000000000002
-12.840000000000002
-7.747999999999999
-13.159999999999998
-13.928000000000003
-13.948
-11.327
-15.165
-9.753
-14.072999999999999
-5.853
-5.7860000000000005
-4.6739999999999995
-9.048000000000002
-12.764999999999999
-11.436
-13.790999999999999
-11.184000000000001
-9.411999999999999
-13.593
-13.673000000000002
-11.821000000000002
-7.715999999999999
-6.829000000000001
-10.157000000000002
-12.235
-8.385
-8.847999999999999
-5.8420000000000005
-11.926
-8.027999999999999
-13.499999999999998
-7.141
-13.503000000000002
-17.664
-10.256
-15.378
-6.334
-9.438
-8.737
-9.925
-13.189
-13.087
-16.955000000000002
-8.153
-10.399999999999999
-10.257
-12.264
-12.837
-11.685999999999998
-10.331999999999999
-8.792
-12.096
-13.036999999999999
-11.714
-10.505000000000003
-10.399000000000001
-10.722
-10.492
-8.934999999999999
-12.309999999999999
-8.286999999999999
-9.257
-9.191
-7.851999999999999
-15.241999999999999
-13.303
-8.431000000000001
-13.524000000000003
-8.143999999999998
-11.688999999999998
-11.017
-14.53
-13.487000000000002
-7.769
-13.706000000000001
-13.027999999999999
-17.258000000000003
-14.949000000000002
-13.404
-12.517
-9.010000000000002
-14.654
-10.809000000000001
-8.142
-10.2
-6.057
-11.579999999999998
-11.772000000000002
-10.825999999999999
-15.079
-13.238999999999997
-7.437
-9.933
-10.388
-13.168000000000001
-9.508
-8.765999999999998
-6.638
-12.224000000000004
-10.364
-11.581999999999999
-9.788
-8.093
-11.947
-13.519
-12.834000000000001
-14.597999999999999
-12.135
-10.583999999999998
-9.004000000000001
-11.68
-11.616999999999999
-12.274999999999999
-15.366
-9.929
-12.800000000000002
-14.886000000000001
-13.122
-12.708000000000002
-10.351
-11.560999999999998
-13.420999999999998
-13.772000000000002
-6.417000000000001
-10.809
-12.068999999999999
-9.042999999999997
-8.222000000000001
-13.338999999999997
-7.049
-16.451
-6.213
-10.036999999999999
-14.285
-12.677999999999999
-10.941999999999998
-7.734000000000001
-10.735000000000003
-11.065999999999999
-9.016
-8.263000000000002
-9.356
-13.899000000000001
-12.028000000000002
-12.953000000000005
-11.591999999999999
-12.506999999999998
-15.389
-14.289
-9.829
-13.032999999999998
-10.771
-11.970999999999997
-12.104999999999997
-15.441999999999997
-8.883
-11.772
-9.141
-8.096
-7.964999999999999
-11.27
-12.019000000000002
-13.367000000000003
-11.988
-8.668000000000001
-8.126000000000001
-9.536
-12.505999999999998
-12.238
-8.949000000000002
-8.111
-10.746
-8.575
-11.978000000000002
-11.256
-10.825000000000001
-6.4590000000000005
-8.742
-10.708999999999998
-10.751
-12.806999999999999
-9.704
-11.73
-10.688
-15.449000000000002
-7.241999999999999
-11.506
-11.317
-10.058000000000002
-13.497
-12.219000000000001
-13.288
-8.860000000000001
-12.706999999999999
-7.650000000000001
-13.693000000000001
-9.379999999999999
-13.100999999999999
-9.507
-14.170000000000002
-8.256
-5.416
-11.653
-13.053000000000003
-10.137999999999998
-6.667
-10.34
-7.173
-15.507000000000001
-6.577000000000001
-11.66
-10.293999999999999
-10.036000000000001
-6.624999999999999
-10.078999999999999
-8.211
-11.947999999999999
-11.756
-12.13
-8.958
-13.899
-8.847
-9.93
-14.484000000000002
-9.139
-12.242
-9.242999999999999
-10.834
-12.846
-12.147
-9.14
-11.636
-10.541
-13.006
-6.117999999999999
-11.472000000000001
-13.715000000000002
-11.119
-8.933000000000002
-11.870000000000003
-14.139000000000005
-11.775
-8.152000000000001
-8.661000000000001
-8.752
-13.059999999999999
-8.190999999999999
-13.684000000000003
-15.871999999999996
-10.265000000000002
-10.143
-13.394999999999998
-11.537999999999998
-13.451
-8.797999999999998
-12.248
-12.888000000000002
-9.896999999999998
-14.340000000000002
-9.955
-13.075000000000001
-11.656
-14.227000000000002
-9.891000000000002
-10.648
-10.258000000000003
-8.05
-11.751000000000003
-6.701
-12.578000000000001
-9.994
-10.793000000000001
-11.895
-6.840000000000001
-5.442000000000001
-11.653
-14.248000000000001
-6.662000000000001
-12.761000000000001
-11.400000000000002
-11.331
-15.907
-15.32
-12.387
-8.809999999999999
-8.591999999999999
-8.056999999999999
-10.149000000000001
-14.379
-13.374999999999998
-7.375
-12.065
-9.445
-10.568999999999999
-10.449000000000002
-12.25
-9.556000000000001
-10.970000000000002
-13.485
-12.274000000000001
-10.724999999999998
-8.25
-10.234999999999998
-9.923
-14.553
-15.911999999999997
-10.806
-10.214000000000002
-8.038
-8.136
-9.379999999999999
-12.357999999999999
-8.184000000000001
-13.743
-12.851
-11.091999999999999
-6.881
-4.487
-10.659999999999998
-15.010999999999997
-12.058
-14.429
-12.566
-14.444
-9.962
-6.2090000000000005
-7.878000000000001
-12.765
-13.490999999999998
-10.447
-14.275000000000002
-11.431000000000001
-11.572000000000001
-5.692000000000001
-9.945000000000002
-8.161999999999999
-12.849
-13.017000000000001
-12.450000000000001
-11.251999999999999
-6.872999999999999
-15.011000000000003
-13.859
-12.777000000000001
-10.916
-12.943000000000001
-8.426000000000002
-11.278999999999998
-14.848999999999998
-10.780000000000001
-11.238
-14.323
-16.878000000000004
-7.404
-13.759
-10.281000000000002
-11.700000000000001
-11.839999999999998
-14.063000000000002
-11.117
-12.171
-9.126000000000001
-8.543000000000001
-14.181
-14.543000000000001
-14.286000000000001
-11.051999999999998
-8.812000000000001
-9.36
-12.672
-11.053
-12.469
-6.351
-9.684999999999999
-10.285
-9.33
-10.653
-6.7
-15.688
-9.072000000000003
-13.024000000000003
-12.637
-11.083
-11.297000000000002
-13.555999999999997
-9.818000000000001
-4.6690000000000005
-12.597999999999999
-12.107000000000003
-10.696000000000002
-13.167
-8.623
-14.293
-10.265
-9.572999999999999
-7.965
-9.479
-12.591999999999997
-15.389999999999999
-12.665000000000001
-9.902999999999999
-10.776
-11.395000000000001
-7.654
-12.927999999999997
-9.003
-9.797
-10.256999999999998
-12.488000000000003
-11.402999999999999
-11.354999999999999
-9.918000000000001
-8.707
-8.115
-13.743
-12.959000000000003
-11.261000000000003
-12.796000000000001
-11.328999999999997
-11.294
-11.690000000000001
-9.069
-11.381
-13.217999999999998
-10.443
-16.603
-14.590000000000002
-12.259
-11.689000000000002
-8.812
-9.262
-9.761
-12.572
-8.901000000000002
-15.024000000000001
-15.727
-8.915
-8.947000000000001
-10.001000000000001
-10.290000000000001
-11.982000000000001
-10.020000000000001
-7.324000000000001
-7.166000000000001
-11.327000000000002
-13.330999999999998
-13.162
-10.468
-12.806000000000001
-10.485
-6.693
-6.566
-11.683000000000002
-9.743
-9.844
-12.745
-12.890999999999998
-13.171000000000001
-12.672
-9.129000000000001
-12.2
-11.812999999999999
-8.908000000000001
-8.394
-12.104999999999999
-12.936000000000002
-12.382
-10.739
-10.096
-7.418
-10.691000000000003
-7.706999999999999
-12.40876923076923
-8.303
-11.407
-14.097000000000001
-15.057000000000006
-10.66
-11.921000000000003
-9.331
-16.142000000000003
-10.033
-7.816
-11.132
-9.913
-8.552
-11.792000000000002
-13.501
-13.284000000000002
-8.379999999999999
-13.208
-8.467
-12.736000000000002
-14.046000000000005
-11.248999999999999
-5.261
-15.844000000000001
-10.956
-10.752
-8.23
-16.401
-12.451
-9.909
-10.972999999999999
-18.093
-10.345999999999998
-11.456999999999999
-11.942000000000002
-13.091
-11.991
-10.928999999999998
-11.088000000000001
-13.354999999999999
-14.790999999999999
-9.252
-14.175999999999998
-11.59
-6.554
-12.514
-10.864999999999998
-11.815
-15.469999999999999
-11.732
-7.131
-10.524999999999999
-11.26
-13.203000000000001
-11.415000000000001
-11.068
-11.039000000000001
-10.611000000000002
-13.383000000000003
-11.428999999999998
-10.684000000000001
-8.517
-12.848
-10.466999999999999
-10.52
-9.249
-12.770000000000001
-11.853
-9.187000000000001
-16.775
-10.529000000000002
-10.148
-9.985
-12.174
-10.197
-13.562000000000001
-11.325
-15.497
-9.952000000000002
-8.770000000000001
-12.085
-13.279000000000002
-11.373
-11.655999999999999
-9.397
-9.88
-11.135
-13.196
-10.731000000000002
-10.582
-6.319000000000001
-9.466999999999999
-8.767
-11.012000000000002
-14.063999999999998
-13.068000000000001
-12.281000000000002
-10.926
-14.106000000000002
-8.094
-11.097
-13.084999999999997
-11.456
-12.079999999999998
-12.849000000000002
-12.937000000000001
-9.66
-10.89
-12.178
-12.890999999999998
-12.535000000000004
-9.831000000000001
-7.875
-10.231
-11.791
-8.451000000000002
-9.906
-9.763
-10.314
-12.355000000000002
-15.792
-7.898000000000001
-12.125
-10.102
-14.756
-6.851000000000001
-12.228000000000002
-11.133000000000001
-12.363999999999999
-11.344
-8.089000000000002
-13.014999999999999
-7.68
-8.771
-9.220000000000002
-10.632076923076923
-8.357
-8.530999999999999
-7.462000000000001
-8.471
-8.855
-9.404
-8.548
-9.383999999999999
-11.385
-12.392999999999999
-11.12
-11.653
-9.74
-12.287
-10.834000000000001
-7.09
-13.786
-8.4
-10.782999999999998
-9.484
-8.750999999999998
-9.64
-9.250000000000004
-12.968
-14.640999999999998
-7.040000000000001
-8.73
-6.825
-9.725000000000001
-11.517000000000003
-10.35576923076923
-12.480769230769228
-8.985999999999999
-9.276000000000002
-8.837
-8.568000000000001
-9.759000000000002
-11.567000000000002
-8.359
-8.280000000000001
-9.734
-9.243
-7.484
-7.771
-12.556
-8.614
-9.536999999999999
-12.724
-12.756
-9.143
-9.786000000000001
-8.698
-11.039999999999997
-8.001000000000001
-11.117999999999999
-11.186999999999998
-9.167000000000002
-10.14
-10.684000000000001
-10.791
-9.134999999999998
-10.523999999999997
-11.191
-10.127
-10.021
-8.442
-10.337000000000002
-10.245999999999999
-10.653
-11.116000000000001
-10.254
-13.851000000000003
-8.526
-8.538
-8.62
-9.960999999999999
-9.711000000000002
-9.628
-12.078
-9.443000000000001
-13.773
-10.711
-13.420000000000002
-8.001
-8.617
-8.314999999999998
-12.388
-10.537000000000003
-13.41
-8.207
-10.158
-10.206
-8.18
-8.960999999999999
-9.059
-10.319000000000003
-9.06
-10.514000000000001
-8.922
-8.71676923076923
-6.861000000000001
-12.661
-10.701
-10.102
-13.81
-9.37
-8.883
-11.782999999999998
-9.225
-11.363000000000001
-15.372
-6.834
-9.792
-10.441999999999998
-8.732000000000001
-11.93
-8.172
-8.918999999999999
-8.822999999999999
-6.3309999999999995
-10.321
-11.655000000000001
-9.443999999999999
-6.195
-9.027999999999999
-10.000999999999998
-8.52576923076923
-9.547000000000002
-10.349
-10.305
-10.985000000000001
-8.826
-13.412
-10.012
-8.514
-10.198000000000002
-10.040000000000001
-15.787999999999998
-8.665
-10.352076923076922
-10.173000000000002
-8.841999999999999
-13.048000000000002
-12.754
-9.938999999999998
-8.587076923076923
-8.534000000000002
-9.220999999999998
-11.217
-9.209999999999997
-13.063999999999998
-8.758000000000001
-12.217
-11.023076923076925
-10.596000000000002
-9.8
-12.216
-9.616
-8.752999999999998
-11.86776923076923
-11.757000000000001
-9.543
-8.504999999999999
-10.692
-9.628000000000002
-9.871000000000002
-10.905999999999999
-7.9510000000000005
-11.009769230769233
-12.61707692307692
-13.756000000000002
-7.779
-6.643000000000002
-11.256
-10.101000000000003
-9.791000000000002
-11.310999999999996
-8.87976923076923
-9.96
-9.245
-9.763
-12.199000000000002
-10.453000000000003
-12.48176923076923
-11.54007692307692
-7.344
-7.401
-10.428999999999998
-11.463
-8.425
-13.574000000000002
-13.441999999999998
-10.577000000000002
-9.07
-7.984
-9.162
-10.147999999999998
-12.293000000000001
-7.188
-8.874769230769232
-8.438846153846153
-8.943
-10.071000000000002
-8.359
-10.245
-11.219
-12.074
-7.874999999999999
-10.039
-10.266
-9.222
-8.618
-8.921000000000003
-10.039
-12.468000000000004
-8.065000000000001
-13.477
-7.982
-9.234000000000002
-8.50976923076923
-8.551
-10.629999999999997
-10.949000000000002
-8.574000000000002
-9.256000000000002
-9.739
-8.05
-12.299999999999997
-8.396
-7.795000000000002
-12.064
-10.694999999999999
-10.770000000000001
-7.3839999999999995
-9.163000000000002
-7.374
-12.472999999999999
-15.479999999999997
-10.052000000000001
-10.23
-9.221000000000002
-8.57
-6.420999999999999
-10.307999999999998
-10.022
-9.023000000000001
-12.17
-8.678999999999998
-9.810076923076922
-10.295
-7.91
-11.491000000000001
-8.010000000000002
-11.673
-7.875
-8.703
-9.239
-11.457000000000003
-8.753
-9.702
-8.687
-10.018
-8.315
-13.550000000000002
-9.365
-13.881999999999998
-9.657000000000004
-9.485
-6.270000000000001
-8.776000000000002
-11.344
-10.217
-8.772
-11.183000000000002
-12.766000000000002
-10.813
-11.896
-10.843
-9.110999999999999
-9.117000000000003
-12.326999999999998
-8.381
-11.715
-9.279000000000002
-10.137
-8.335
-10.165769230769232
-10.3
-9.772
-10.755
-9.385
-8.011
-11.247
-10.120000000000001
-10.927000000000001
-10.461999999999998
-10.034
-11.834000000000003
-7.902000000000001
-9.512769230769232
-12.696
-6.422076923076923
-16.746000000000002
-10.161999999999999
-7.983
-9.484
-10.346
-10.879000000000001
-8.007000000000001
-9.088000000000001
-12.170000000000002
-14.30076923076923
-10.184076923076923
-11.680999999999997
-9.17076923076923
-9.729999999999999
-8.088000000000001
-9.253
-10.049999999999999
-10.884076923076922
-7.475
-10.778
-12.184000000000001
-9.87776923076923
-9.757999999999997
-8.217
-11.277999999999999
-11.081000000000001
-12.267
-9.64
-9.822000000000001
-8.472
-10.947000000000001
-8.863
-6.895
-10.614769230769234
-8.861
-10.301
-10.527
-9.744
-7.112999999999999
-14.186
-7.7010000000000005
-11.084000000000001
-10.181
-10.242999999999999
-10.466076923076923
-10.376
-10.102076923076925
-11.659769230769227
-10.751000000000001
-9.807000000000002
-8.841000000000001
-9.204
-12.046999999999999
-11.822999999999999
-9.598
-12.702
-9.651076923076923
-11.27476923076923
-12.286
-11.36576923076923
-12.345
-17.337
-10.02
-8.658999999999999
-9.405076923076923
-10.435
-8.477999999999998
-7.392
-5.949
-9.235
-8.52476923076923
-11.597
-10.664
-8.941769230769232
-10.556000000000001
-8.350999999999999
-10.878000000000002
-7.9557692307692305
-11.144000000000002
-10.597000000000001
-9.486
-10.578999999999999
-10.608
-13.737
-9.564000000000002
-10.114
-12.177999999999995
-8.973
-12.843769230769231
-8.586
-12.52738461538462
-11.304769230769232
-11.105
-9.509
-10.995000000000001
-12.155999999999999
-11.694
-10.50076923076923
-10.191
-10.022999999999998
-9.678
-10.867000000000003
-10.536000000000001
-8.437
-9.138
-8.057000000000002
-8.687000000000001
-8.293
-9.605
-10.656769230769228
-10.65
-12.174076923076923
-10.572999999999999
-11.167
-8.491
-8.11676923076923
-14.473538461538462
-9.80976923076923
-9.564
-12.908999999999999
-9.029
-9.423
-11.92
-8.753
-7.365
-10.578
-10.428
-8.264000000000001
-7.641
-11.685769230769232
-8.052
-7.648000000000001
-7.83
-9.347
-11.562999999999999
-8.055
-11.369999999999997
-7.2700000000000005
-8.73
-10.488000000000003
-7.801999999999998
-8.783999999999999
-12.029
-11.25
-8.853769230769228
-9.625
-8.639000000000003
-8.806000000000001
-10.179
-11.285
-10.991999999999999
-14.61853846153846
-11.132
-10.108
-10.712000000000003
-8.475000000000001
-11.990999999999998
-8.587
-9.090076923076921
-9.630769230769232
-9.131
-9.802999999999999
-12.235076923076923
-12.468000000000002
-9.112769230769231
-10.060000000000002
-12.192
-7.182
-8.996076923076924
-9.312999999999999
-9.244769230769231
-11.666999999999998
-8.858
-9.789999999999997
-11.113
-10.92576923076923
-9.404
-9.578999999999999
-8.354
-9.155000000000001
-11.323
-11.522000000000002
-13.272153846153847
-8.665000000000003
-8.729000000000001
-9.339999999999998
-8.201
-8.661000000000001
-12.200000000000001
-12.716769230769229
-9.408000000000001
-8.366
-8.75
-8.711769230769232
-8.982
-5.977538461538461
-9.187
-9.375
-9.523
-7.760076923076924
-10.57
-9.540076923076924
-7.2170000000000005
-8.576
-7.164
-8.596
-10.328076923076923
-10.978000000000002
-9.545769230769231
-6.858769230769232
-9.002
-8.816000000000003
-6.059
-7.3660000000000005
-9.567
-9.787999999999998
-6.87
-8.781
-10.238538461538461
-11.213999999999999
-8.05376923076923
-9.094
-10.251769230769229
-8.151769230769233
-8.235999999999999
-8.148000000000001
-9.946
-10.012999999999998
-8.137
-8.456999999999999
-9.737769230769231
-8.177
-8.547076923076924
-7.502076923076923
-8.929
-7.873
-11.597999999999997
-8.960538461538462
-11.285923076923076
-8.89076923076923
-7.41
-9.338
-10.703153846153846
