0
-10.295000000000002
-10.396999999999998
-14.425
-9.551
-14.091
-10.808000000000002
-9.755
-9.568000000000001
-6.07
-11.012
-11.736
-6.205
-9.454
-8.759
-14.194999999999999
-10.612000000000002
-5.256
-8.256
-14.515000000000002
-7.505
-13.335
-7.09
-8.982
-6.454000000000001
-9.288
-6.9510000000000005
-8.913
-5.953
-13.569999999999999
-11.898
-11.795000000000003
-9.202
-7.724
-9.359
-7.828
-7.109999999999999
-14.026
-11.329
-4.911
-9.892
-8.372
-10.623
-11.994
-13.294
-14.279
-13.556000000000001
-10.35
-10.67
-9.617
-5.421000000000001
-14.253
-14.49
-12.649999999999999
-10.036999999999999
-9.320000000000002
-13.354999999999999
-5.949000000000001
-13.575
-8.358
-8.29
-8.98
-11.922
-14.799
-8.958
-8.007
-11.889999999999999
-9.690999999999999
-10.753
-7.885
-11.038000000000002
-7.135000000000001
